"DOY" "Depth" "TIN"
86 4.3 0.13
86 11.2 0.13
86 25.9 0.1
86 50.1 0.1
86 73.8 0.07
86 100.2 0.31
86 150.8 2.65
86 201.4 3.18
86 252.9 3.6
86 303.2 4.17
86 401.9 5.31
88 3.5 0.41
88 12.2 0.44
88 22 0.44
88 39.8 0.44
88 61 0.44
88 80.5 0.44
88 99.1 0.44
88 121.2 0.44
88 140.5 0.44
88 158.9 0.44
88 197.9 0.61
88 250.8 2.6
89 2.9 0.34
89 12.8 0.34
89 25.6 0.29
89 51 0.37
89 75.9 0.42
89 100.6 0.48
89 152.9 0.46
89 199.6 0.53
89 251.6 2.91
89 301.1 3.17
89 401.4 4.68
89 3.3 0.41
89 11.1 0.41
89 24.6 0.41
89 50.8 0.44
89 75.9 0.45
89 100 0.48
89 150.2 0.48
89 200.2 0.51
89 250.7 1.55
89 300.6 3.12
89 400.4 4.17
89 499.2 6.46
90 2.5 1.15
90 10.9 1.18
90 25.3 1.18
90 49.6 1.13
90 75.1 1.18
90 99.5 1.19
90 150.5 1.29
90 201.9 1.23
90 249.6 1.21
90 302.1 1.35
90 401.5 4.41
206 150.8 0.13
206 201 0.64
206 250.3 1.47
206 301 3.18
206 400.6 4.38
207 151.5 1.2
207 201.1 2.67
207 250.9 3.56
207 301.1 4.14
207 401.4 5.88
207 150.1 0.94
207 201.3 3.07
207 250.4 3.22
207 301.4 4.16
207 400.8 5.51
208 151.2 1.2
208 201.6 1.66
208 249.8 1.92
208 300.9 1.91
208 401.1 2.56
208 100.2 0.27
208 151 1.67
208 201.9 2.21
208 251.4 2.99
208 300.1 3.25
208 401 6.16
209 100.2 0.07
209 150.6 2.48
209 200.9 2.78
209 251.3 2.96
209 300 3.72
209 400.2 5.72
209 76.1 0.21
209 100.1 1.72
209 150.3 2.09
209 200.5 1.98
209 251.1 1.92
209 301.6 2.45
209 400.9 4.25
297 76.6 1.2
297 101.5 1.44
297 150.5 1.79
297 201.2 2.2
297 250.5 2.89
297 301.1 2.35
297 401.3 6.36
297 100.2 0.08
297 150.2 2.14
297 200.6 2.43
297 249.4 2.72
297 301.4 2.52
297 400.9 5.87
297 499.9 8.75
297 101 1.33
297 148.4 1.61
297 202.2 2.2
297 250.2 2.22
297 302.7 2.36
297 402.2 4.07
298 75.4 0.76
298 101 0.86
298 150.1 1.67
298 201 2.37
298 251.3 2.46
298 302.2 2.31
298 401 2.86
298 102.4 0.91
298 149.7 2.27
298 200.5 2.51
298 250.7 2.78
298 301.1 3.21
298 401.6 5.39
299 101.9 0.73
299 150.8 2.06
299 201 2.39
299 250.8 2.62
299 300.2 3.37
299 399.2 4.52
299 150.3 1.21
299 202 1.92
299 250.1 2.25
299 300.3 2.34
299 399.6 4.64
300 150.9 0.51
300 202.7 1.39
300 251.3 1.84
300 301.2 2.44
300 400.3 4.64
176 100.2 0.85
176 120.6 1.93
176 160.7 2.8
176 201.8 2.84
176 298.8 3.02
176 498.6 9.46
176 100.8 0.08
176 121.8 1.02
176 141.8 1.99
176 201.2 2.67
176 304.7 3.06
176 497.8 9.72
176 100.4 1.14
176 121.1 1.58
176 139.9 1.86
176 200.5 2.7
176 300 4.29
176 119.7 0.24
176 140.4 1.02
176 199.6 2.22
176 300.1 2.91
176 499.8 7.83
177 118.6 0.72
177 139.5 1.01
177 199.1 2.34
177 299.6 2.28
177 497.3 7.08
177 141.8 0.17
177 202.4 2.23
177 301.7 2.94
177 140.2 0.72
177 201.2 3.2
177 300.9 3.95
177 499.7 8
177 121.5 0.54
177 140.9 1.38
177 201 2.82
177 300.4 3.61
177 80.3 0.43
177 100.4 0.98
177 120.2 2.12
177 141 2.59
177 200.4 2.5
177 300.6 2.71
177 499.7 7.84
177 100.8 0.14
177 120.8 1.84
177 141.1 2.38
177 201.1 2.97
177 299.7 2.82
178 99.5 0.19
178 121.4 1.13
178 142.4 1.82
178 201.7 1.93
178 300.3 2.94
178 499.4 7.48
178 100.8 0.24
178 119.7 0.73
178 140.1 1.11
178 199.8 2.16
178 300.2 2.85
178 100.8 0.25
178 120.6 1.15
178 139.2 1.96
178 200 2.81
178 300.2 3.2
178 499.7 8.46
178 100.5 0.14
178 120.8 1.82
178 140.4 2.44
178 200.7 2.77
178 300.3 3.34
178 99.7 0.14
178 119.5 1.48
178 140.4 2.33
178 200.9 2.93
178 299.1 3.99
178 499.6 8.15
178 139.3 0.41
178 200.9 2.34
178 299.9 3
179 101 0.72
179 120.8 2.05
179 141.3 2.39
179 201 2.44
179 301.7 2.97
179 100.5 0.78
179 118.8 2.03
179 139.5 2.45
179 201.1 2.39
179 301.8 3.02
179 500 5.49
179 79.7 0.74
179 100.6 2.08
179 120.4 2.23
179 140.2 2.34
179 200.9 2.29
179 301 2.74
179 80.9 0.13
179 101.8 1.56
179 120.3 2.03
179 141.2 2.23
179 201.3 2.5
179 299.7 2.85
179 101.2 0.61
179 118.7 1.45
179 140.9 1.85
179 200.2 2.24
179 301.5 2.5
179 497.9 3.84
180 100.6 0.35
180 120.4 1.69
180 140 1.97
180 201.3 2.63
180 301.7 2.63
180 5.5 0.08
180 121.4 1.82
180 140.5 2.88
180 200.9 2.63
180 299.7 3.28
180 5.9 0.09
180 81.7 0.07
180 100.7 1.79
180 120.2 2.23
180 141.3 2.72
180 200.4 3.17
180 300.6 2.59
180 100.4 1.34
180 120.2 2.54
180 140.2 2.75
180 201 2.89
180 300.4 3.42
180 400 7.15
188 79.8 0.11
188 100.1 1.43
188 119.9 2.42
188 139.8 2.61
188 199.8 3.34
188 300.3 3.56
188 400.1 5.99
188 79.1 0.84
188 99.4 2.55
188 118.4 2.87
188 138.8 3.27
188 199.9 3.87
188 302 4.43
188 399.8 9.66
188 499.8 13.62
188 79.6 1.99
188 100.2 3.28
188 119.6 3.37
188 199.7 4.35
188 300.4 4.55
188 400.6 11.3
188 499.8 14.49
188 140.4 3.47
189 80.5 1.03
189 99.2 2.03
189 121.9 2.35
189 141.4 2.67
189 200.9 3.16
189 301.6 4.06
189 401 7.18
189 79.8 0.45
189 100.1 0.61
189 119.1 1.52
189 140.5 2.1
189 201.1 3.03
189 301.1 3.44
189 401.3 4.82
189 100.5 1.43
189 118.3 1.97
189 139.6 2.07
189 200.3 2.45
189 299.2 2.9
189 399.3 3.76
189 80 0.43
189 99.6 1.33
189 120.1 2.18
189 139.7 2.32
189 201.3 2.49
189 300.3 2.96
189 399.7 4.07
189 80.9 1.4
189 100.3 1.51
189 120.6 1.83
189 140 2.09
189 200.7 3.16
189 300.4 3.29
189 400.9 5.63
189 79 0.36
189 100 3.03
189 119.4 3.36
189 140.3 3.03
189 200.2 3.87
189 300 7.43
189 399.8 11.49
189 60.3 0.61
189 79.8 3.67
189 100.7 3.67
189 120.2 3.76
189 139.7 3.1
189 200.6 5.12
189 299.7 10.2
189 401.2 12.99
190 80.5 1.88
190 100.8 3.04
190 120.2 3.67
190 142 3.5
190 201.5 3.9
190 301.7 8.74
190 400.5 11.99
190 78.7 1.8
190 101.1 2.64
190 121.2 3.24
190 140.6 2.57
190 199.7 3.31
190 300.4 3.73
190 400.1 6.85
190 80.5 1.27
190 99.8 2.27
190 120.4 2.37
190 140.3 2.53
190 200 2.91
190 301.7 3.25
190 400.1 4.45
190 79.5 0.71
190 100.5 3.03
190 120.6 3.37
190 140.5 3.55
190 201.4 3.72
190 300.8 6.07
190 398.6 10.74
190 499.6 14.56
190 79.7 3.46
190 99.9 4.02
190 120.3 4.18
190 139.9 3.76
190 200.9 4.73
190 300.7 9.62
190 400.9 13.17
190 500 17.21
190 80.1 0.57
190 99.9 3.32
190 120.3 3.59
190 139.6 3.81
190 199.6 3.66
190 299.3 6.37
190 398.7 10.81
190 499.8 14.79
191 79.6 0.58
191 100 2.42
191 119.8 2.56
191 140 2.65
191 200.5 3.11
191 300.2 3.28
191 401.2 5.57
191 101.1 0.56
191 120.7 1.25
191 140.3 2.1
191 201.2 2.5
191 300.4 3.35
191 401.3 4.07
191 100.5 2.18
191 119.6 2.1
191 139.9 2.29
191 200.5 2.7
191 300.2 3.17
191 400.1 3.81
191 499.9 6.38
191 80.4 0.37
191 100.3 2.22
191 120.2 2.73
191 140.4 2.43
191 200.2 2.85
191 299.7 3.34
191 400 6.22
191 499.9 9.04
191 80.5 0.39
191 100.5 1.8
191 120.4 2.56
191 140.2 2.82
191 201.4 3.14
191 300.6 4.06
191 401.2 6.11
191 499.7 10.76
191 80.5 1.26
191 99.6 2.51
191 119.8 2.82
191 140.4 2.98
191 200.3 3.45
191 300.4 4.57
191 399.8 7.99
191 499.9 12.02
191 79.9 0.63
191 100.3 1.97
191 119.8 2.16
191 140.3 3.28
191 201 3.32
191 301.8 3.47
191 400.2 6.36
191 499.4 10.58
192 80 0.79
192 100.3 2.08
192 120.5 2.12
192 140.5 2.34
192 199.9 2.48
192 300.6 3.18
192 400.4 3.61
192 100.5 1.43
192 120 1.89
192 140 2.04
192 200 2.89
192 299.6 2.74
192 400.2 3.63
192 101.2 0.81
192 119.5 1.71
192 140.4 2.14
192 199.7 2.54
192 301.3 2.95
192 400.6 3.6
192 80.8 0.53
192 99.9 1.85
192 120.8 2.26
192 140.1 2.44
192 200 2.7
192 299.7 3.13
192 400.7 3.69
192 499.1 7.36
192 80.1 0.64
192 99.7 2.03
192 120.2 2.36
192 139.5 2.27
192 200.2 2.56
192 300.8 2.82
192 400.5 3.78
192 79.3 0.53
192 101.1 3.56
192 120.7 3.83
192 139.9 3.71
192 200.2 6.89
192 300 10.84
192 400.2 14.11
193 80.2 1.04
193 101.1 1.65
193 119.6 2.42
193 139.8 2.36
193 201.1 2.44
193 304.5 2.84
193 400.8 3.18
193 499.8 5.68
193 100.3 0.33
193 119.6 1.27
193 139.7 1.98
193 199.6 2.55
193 301.3 3.16
193 402.3 3.6
193 101.1 0.39
193 120.6 2.16
193 140.4 2.23
193 201.1 2.81
193 299 3.88
193 401.8 5.31
193 499.8 9
193 80.4 0.2
193 100.8 1.23
193 120.3 2.45
193 141 2.4
193 202.3 3.02
193 301.5 3.52
193 400.5 5.12
193 499.2 9.61
194 119.3 0.74
194 140.2 1.47
194 202.5 2.92
194 300.5 2.63
194 400.3 3.73
203 100.5 0.92
203 122.3 1.91
203 139.5 2.3
203 199 2.9
203 300.6 3.17
203 495.1 8.08
203 100.3 0.37
203 121 0.94
203 141.2 1.63
203 200.7 2.99
203 300.9 3.16
203 100.4 0.76
203 121 1.67
203 140.1 2.61
203 199.7 2.57
203 301.1 3.28
203 100.5 0.93
203 120.2 1.93
203 140.6 2.33
203 200.2 3.07
203 301.6 3.39
203 100.1 0.2
203 120.4 1.23
203 140 1.59
203 199.7 2.57
203 301.3 3.16
203 498.8 6.82
203 121 1.41
203 140.3 1.88
203 198.8 2.57
203 300.3 3.04
204 120.4 0.31
204 140.2 1.58
204 199.5 2.47
204 299.3 3.22
204 100.1 0.57
204 119.3 1.43
204 140.3 2.45
204 199.9 2.69
204 298.8 3.24
204 99.6 0.29
204 120.1 1.17
204 140.5 2.23
204 200.4 3.42
204 300.9 2.95
204 100.7 1.17
204 119.8 2.26
204 140.4 2.54
204 200.3 2.81
204 300.4 3.45
204 80.8 1.11
204 99.9 2.22
204 120.4 2.48
204 139.9 2.63
204 200.2 2.52
204 300.8 3.39
204 499.7 8.25
204 79.9 0.25
204 100.1 2.07
204 120.6 2.68
204 139.7 2.91
204 199.3 2.86
204 300.1 3.46
204 499.9 9.68
205 79.5 0.43
205 99.6 2.72
205 118.9 2.68
205 140.1 2.86
205 200.6 3.43
205 299.7 4.21
205 100 2.22
205 119.8 3.42
205 139.7 3.83
205 199.1 4.59
205 299.6 4.72
205 499.9 13.66
205 80.5 0.74
205 99.4 2.82
205 120.7 3.58
205 140.8 3.71
205 201.1 4.07
205 300.3 3.93
205 80.2 0.69
205 120.4 2.29
205 140.6 2.64
205 199.6 3.18
205 300.6 3.92
205 79.8 0.67
205 100.2 2.17
205 120.5 2.26
205 139.8 2.35
205 200.7 2.62
205 300.5 2.84
205 100.3 1.02
205 120.8 1.92
205 141.2 2.36
205 201.8 2.65
205 299.9 3.49
206 100.1 0.95
206 120.1 1.89
206 140.2 2.31
206 200.4 2.63
206 299.7 3.43
206 499.9 8.59
206 100.4 0.87
206 119.1 2.09
206 140.2 2.46
206 199.9 3.26
206 301.6 3.54
206 79.9 0.37
206 100.7 3.26
206 121.1 3.85
206 141.4 4.14
206 200.1 4.11
206 303.3 5.53
206 78.8 1.42
206 99.3 4.24
206 119.8 4.41
206 140 4.43
206 199.2 6.03
206 300.9 10.13
206 80.1 0.52
206 100.2 3.5
206 119.5 4.86
206 140.4 3.91
206 201 4.75
206 300.4 8.38
206 499.6 16.2
206 99.1 1.56
206 119.7 2.52
206 140.4 3.14
206 201.1 3.22
206 297.9 4.05
207 101 0.86
207 120.3 1.81
207 140.8 2.08
207 200 2.95
207 299 3.54
207 100.9 1.97
207 119.4 3.84
207 140.3 4.3
207 199.9 3.86
207 299.8 7.35
207 499.6 15.26
207 81.4 1.34
207 100.9 3.87
207 120.4 4.16
207 139.1 3.3
207 200.4 5.33
207 300.2 9.76
207 499.3 17.6
207 80.2 0.56
207 100.3 2.67
207 118.7 3.43
207 140.4 3.9
207 201.2 4.3
207 301.1 4.65
207 80.1 0.93
207 100.3 1.84
207 120 2.37
207 141.9 2.48
207 201.1 2.98
207 301.3 3.25
208 99.9 0.2
208 120.2 1.66
208 140.3 2.32
208 200.9 2.63
208 300.4 3.42
208 100.3 1.41
208 118.9 2.52
208 139.9 2.71
208 200.1 2.97
208 300 3.36
208 80.9 0.56
208 99.1 2.37
208 120.2 2.92
208 141.1 3.18
208 201.1 3.36
208 299.9 3.83
208 499.8 10.52
208 99 2.27
208 121.3 3.39
208 140.1 3.82
208 201.2 4.27
208 299.3 4.39
208 499.5 12.74
208 79.9 0.9
208 100.5 3.71
208 120 4.15
208 140.4 4.05
208 199.8 4.95
208 301.6 9.69
34 4.7 0.11
34 18.9 0.11
34 60.5 0.11
34 79.4 0.11
34 102.3 0.79
34 122.8 1.91
34 140.9 2.2
34 199.9 3.27
34 299.4 3.67
34 401.6 4.49
34 3.3 0.11
34 10 0.09
34 19.5 0.08
34 41.1 0.06
34 60.8 0.06
34 79.6 0.06
34 100 0.7
34 115.2 0.9
34 140.5 1.27
34 159.9 2.08
34 202.9 3.55
34 251.1 4.04
35 5 0.15
35 19.2 0.15
35 59.4 0.17
35 80.7 0.15
35 98.8 0.17
35 120.2 0.25
35 140 0.37
35 199.7 2.71
35 301.6 3.25
35 400.2 4.28
35 140.6 0.43
35 200.8 2.85
35 301.5 3.55
35 399.6 4.29
35 100.1 0.12
35 118.8 0.8
35 140.5 0.84
35 199.4 2.12
35 300.4 2.91
35 401.1 4.24
35 5.2 0.07
35 20.3 0.07
35 59.4 0.07
35 80.5 0.07
35 100.5 0.19
35 118.8 0.06
35 139.7 0.57
35 200.5 2.72
35 301 3.69
35 397.3 4.24
35 78.5 0.06
35 99.8 0.13
35 120 0.18
35 139.9 0.62
35 200.6 2.61
35 299.7 3.37
35 401.2 4.55
273 99.8 0.17
273 120.2 1.43
273 140.1 1.91
273 159.6 2.37
273 200.4 2.13
273 300.7 2.97
273 400.8 5.02
273 119.1 0.16
273 138.5 3.42
273 160.5 4.36
273 201.9 5.03
273 301.3 11.73
276 120.9 0.28
276 139.6 0.62
276 160.5 1.73
276 200.8 2.03
276 298.2 2.37
276 362.1 3.08
276 397.5 4.59
277 118.6 0.27
277 138.7 1.2
277 158.9 1.77
277 199.9 2.03
277 259.3 2.39
277 300.9 3.02
277 398.1 5.29
277 140.4 0.08
277 160.4 0.98
277 200.4 2.58
277 261.5 3.99
277 300.5 4.75
277 399.3 6.4
277 139.6 0.16
277 160.6 0.96
277 199.3 2.74
277 260.5 4.18
277 301.2 4.75
277 400.4 6.64
278 140.3 0.08
278 159.9 1.61
278 199 2.1
278 239.6 2.31
278 299.5 3.65
278 399.1 2.53
278 140.1 0.11
278 160.5 0.43
278 200.3 2.41
278 240.1 3.39
278 301.1 4.47
278 380.7 5.68
279 140.5 0.1
279 160.4 1.01
279 201.1 3.02
279 239.7 4.14
279 299.9 4.75
279 398.7 7.74
279 139.7 0.28
279 199.2 1.02
279 239.4 2.75
279 299.7 4.65
279 359.7 5.37
279 120.2 0.3
279 140.1 0.82
279 160.7 1.58
279 201.4 0.75
279 301.1 4.17
279 361.9 4.1
279 401.1 6.71
280 120.3 0.32
280 140.4 0.66
280 159.3 1.04
280 200 1.47
280 302.1 5.05
280 401.5 6.92
280 119 0.13
280 159.7 0.16
280 200.3 2.81
280 280.2 5.18
280 401.6 9.86
280 100.8 0.29
280 141 0.43
280 161.7 0.69
280 201.9 1.33
280 320.6 5.58
280 401.2 9.53
290 121.1 0.87
290 141.2 2.16
290 159.4 2.91
290 199.8 3.26
290 300.5 4.61
290 401.6 6.76
291 140.1 0.23
291 160.1 0.67
291 200.3 1.3
291 398.6 3.24
291 471.9 3.9
292 100.6 0.13
292 120.4 0.74
292 140 1.43
292 159.6 2.04
292 201.3 3.27
292 310.9 3.08
292 398.4 6.18
293 140.6 0.31
293 160.5 1.99
293 200.3 2.43
293 401.8 6.13
293 3.7 0.06
293 21.4 0.06
293 79.9 0.06
293 99.6 0.06
293 120.4 0.08
293 162 0.17
293 199.9 1.17
293 349.7 5.14
293 400.7 7.56
293 3.7 0.08
293 19.9 0.06
293 119.4 0.06
293 139.7 0.18
293 159.1 0.24
293 201.1 1.6
293 354.5 6.47
293 400.1 7.02
294 2.9 0.06
294 80.4 0.06
294 99.6 0.06
294 120.1 0.06
294 161.8 0.69
294 199.3 1.64
294 342.1 5.27
294 400.7 8.01
294 3.6 0.06
294 140.2 0.26
294 158.9 0.75
294 200.5 1.91
294 316.1 5.5
294 401.6 8.36
295 120.6 0.2
295 140.5 0.52
295 160 1.02
295 200.6 2.02
295 304.8 5.29
295 400.1 9.64
296 139.6 0.12
296 161 0.3
296 200.5 1.37
296 309.8 5.69
296 400.7 9.42
296 140.5 0.13
296 161.2 0.42
296 197.9 2.09
296 300.5 5.45
296 399.8 10.67
300 3.5 0.09
300 20.3 0.08
300 99.6 0.07
300 120.4 0.16
300 140.3 0.38
300 159.9 0.58
300 199.6 1.73
300 305.2 3.71
300 400.5 7
301 3.5 0.18
301 20.8 0.07
301 80.3 0.06
301 100.1 0.13
301 120.3 0.08
301 140.2 0.16
301 157.5 0.42
301 200 1.09
301 364.4 4.55
301 399.9 5.43
296 150.3 0.73
296 200.6 3.5
296 300.5 4.8
296 400 6.01
296 151 1.24
296 201.4 2.19
296 350 4.47
296 400.3 5.28
296 497.6 7.59
296 119.4 0.45
296 150.2 1.26
296 200.8 2.47
296 321.5 4.82
296 400.5 6.06
297 119.5 0.29
297 150.6 1.16
297 200.4 2.23
297 324.7 4.68
297 400 5.94
297 120.9 0.28
297 150.9 1.22
297 201.3 2.38
297 341.4 4.99
297 401.8 6.64
298 149.9 0.11
298 200.8 0.74
298 401.5 4.12
298 430.2 4.17
298 150 0.15
298 199.9 0.93
298 345.3 5.21
298 400.8 6.92
298 150 0.25
298 200.8 5.08
298 320.4 7.9
298 401.7 12.17
299 149 0.19
299 200.6 1.94
299 315.3 5.08
299 399.7 7.84
299 499.8 13.15
299 119.6 0.07
299 149.4 0.14
299 200.1 1.03
299 304.6 4.91
299 399.1 8.58
299 499 13.96
299 151.1 0.72
299 201.9 2.09
299 297.8 4.39
299 402.9 9.26
304 119.5 0.84
304 149.2 1.73
304 200.3 2.77
304 300.5 4.31
304 399.9 5.92
304 499.1 9.89
304 159.6 0.84
304 200.2 2.87
304 318.9 5.16
304 400.4 6.43
290 99.3 0.06
290 118.7 0.77
290 149 1.53
290 201.2 2.45
290 303.3 3.15
290 397.5 4.88
290 120.8 0.07
290 149.9 0.87
290 199.5 2.24
290 280.1 2.83
290 400.5 5.51
290 150.2 0.26
290 199.2 2.72
290 299.7 4.42
290 399.7 5.72
291 120.7 0.22
291 151.4 2.44
291 202 2.69
291 281.5 3.59
291 401.4 6.31
291 148.7 0.1
291 198.6 0.83
291 300.3 3.37
291 398.4 5.08
291 499.3 7.25
291 119.8 0.15
291 150.8 0.75
291 280.5 2.18
291 401.1 3.7
291 498.5 3.92
292 149.3 0.21
292 199.7 1.31
292 290.2 2.89
292 401.2 5.18
292 149.3 0.53
292 200.3 1.04
292 249.8 2.72
292 400.8 5.96
292 149.3 0.52
292 199.7 2.46
292 280 4.93
292 399.1 7.87
293 118.6 0.25
293 150.1 0.91
293 200.4 3.58
293 300 6.68
293 399.7 9.9
293 119.9 0.06
293 150.1 0.31
293 199.9 1.4
293 299.9 4.29
293 399.8 7.3
293 119.2 0.6
293 150.2 0.73
293 200.4 1.94
293 339.5 7.11
293 400.7 9.77
293 499.5 15.24
294 150.5 0.22
294 200.2 1.31
294 299 5.79
294 401.3 16.11
298 149.3 0.53
298 199.1 1.56
298 279.3 5.3
298 398.8 5.3
298 499 8.97
299 122.5 0.35
299 148.6 1.27
299 199.7 2.94
299 282.4 4.95
299 399.7 6.88
299 98.4 0.14
299 118.4 0.86
299 148.1 1.83
299 200.3 2.88
299 307.5 4.42
299 401.2 6.28
300 2.4 0.06
300 81.2 0.19
300 98.6 0.86
300 119.2 1.48
300 150.3 2.07
300 200.2 2.75
300 251.2 3.54
300 394.5 6.22
300 499.6 10.72
300 99.7 0.04
300 119.5 0.75
300 148 0.95
300 203.1 2.49
300 274.1 3.26
300 400.8 4.78
301 3 0.07
301 20.6 0.04
301 39.4 0.05
301 58.5 0.04
301 76.8 0.04
301 98.5 0.05
301 121.9 0.75
301 150.9 1.86
301 200.3 2.47
301 279.3 3.62
301 404.2 5.74
301 494.7 9.15
301 2.8 0.04
301 19.1 0.05
301 40.4 0.04
301 58.6 0.05
301 78 0.04
301 100.3 0.04
301 119.2 0.05
301 148 0.24
301 202.5 2.34
301 278.5 4.67
301 400.1 7.39
302 2.6 0.05
302 19.5 0.04
302 39.1 0.04
302 60.5 0.04
302 80.1 0.04
302 100.6 0.04
302 120.2 0.06
302 150.2 0.15
302 199.7 0.68
302 309.9 4.31
302 399.7 6.34
302 2.6 0.04
302 20.8 0.05
302 39.9 0.04
302 59.5 0.04
302 79.2 0.04
302 98 0.04
302 120.1 0.32
302 149.8 0.17
302 200.8 1.17
302 299.7 6.52
302 400.7 10.56
302 499.4 14.38
302 2.7 0.04
302 19.2 0.05
302 39.9 0.03
302 59.4 0.04
302 81.4 0.04
302 101.1 0.04
302 119.8 0.04
302 149.1 0.35
302 199.3 2.61
302 294.4 4.93
302 400.3 8.03
302 499.7 10.92
303 2.5 0.04
303 20.8 0.04
303 39.9 0.04
303 60 0.04
303 79.5 0.04
303 99.8 0.05
303 121 0.05
303 150.3 0.24
303 249.2 0.62
303 349.2 5.6
304 2.9 14.4
304 199.8 0.23
304 319 1.28
304 400.1 6.2
304 499.8 8.28
304 3 16.05
304 119.9 0.25
304 148.6 0.49
304 199.9 2.91
304 299.2 5.56
304 400.7 11.78
299 150.2 1.09
299 197.6 2.63
299 299.3 3.71
299 400.7 4.97
300 79.3 0.24
300 99.8 0.6
300 119.7 1.38
300 149.7 2.76
300 200 3.15
300 298.3 3.46
300 398.1 3.43
300 100.7 0.61
300 119.7 1.84
300 151.6 3.17
300 202.8 3.37
300 299.9 3.45
300 399 4.6
300 100 0.35
300 121.6 2.22
300 150.8 3.11
300 201.4 3.17
300 299.4 3.48
300 401 4
301 99.8 0.06
301 118.5 0.91
301 150.5 2.34
301 199.1 3.42
301 249.4 4.72
301 300 4.9
301 499.3 10.24
301 149.6 1.59
301 200 2.94
301 250.8 3.37
301 299.5 4.78
301 400.7 7.67
301 120.8 0.4
301 150.7 1.8
301 199.9 2.25
301 248.7 4.24
301 300.8 4.38
302 120.6 0.19
302 149.8 0.9
302 150.3 0.46
302 201 2.01
302 246.5 3.56
302 300.3 4.19
302 399.6 8.26
302 99.9 0.77
302 150.5 0.31
302 200.2 4.65
302 249.9 7.32
302 298.7 8.9
303 100.6 2.66
303 120.5 0.9
303 149.8 3
303 200 3.04
303 300.4 5.18
303 149.7 0.64
303 200 2.1
303 300.7 4.88
303 401.4 8.82
304 3.4 0.04
304 19.5 0.04
304 59.4 0.04
304 99.8 0.04
304 150.1 0.68
304 200.4 2.83
304 299 5.52
171 50.3 5.83
171 61 13.15
171 100.6 0.9
171 140.8 13.27
171 105.3 20.99
171 301 25.5
171 401.2 23.39
172 101.2 0.14
172 140.3 3.14
172 199.9 4.3
172 301 7.85
172 80 0.39
172 100.6 1.61
172 121 1.75
172 200.9 2.57
172 401.2 3.93
173 80.8 0.8
173 100.6 1.09
173 121.2 1.15
173 200.3 2.54
173 399.9 3.03
173 3.5 0.07
173 79.8 0.24
173 100.7 0.84
173 120.9 1.24
173 201.1 2.77
173 401.8 3.08
173 60.3 0.28
173 80.3 1.5
173 100.6 2.11
173 121.6 2.09
173 201.8 2.61
173 399.1 2.96
174 120.2 0.35
174 140 0.76
174 200.7 3.94
174 301.3 7.75
174 400.9 13.98
174 61.1 0.08
174 79.8 1.05
174 100.3 1.96
174 120.6 2.53
174 201.1 2.71
174 299.8 3.3
174 401.8 4.79
291 3.7 0.03
291 98.8 0.89
291 121.1 2.38
291 140.6 2.65
291 201.2 3.15
291 301.2 3.46
291 401.2 5.32
291 499.4 8.49
292 120.6 0.64
292 140.3 0.8
292 158.9 2.8
292 200.1 3.58
292 299.4 4.34
292 399.7 5.02
292 119.7 0.14
292 139.8 1.25
292 199.1 3.06
292 238.5 3.43
292 301.8 4.11
293 137.8 0.44
293 200.1 2.85
293 299.9 4.75
293 361.9 5.16
293 498.9 9.38
293 121 0.06
293 140.8 1
293 160.7 2.09
293 200.3 3.88
293 301.2 3.83
293 499.9 9.8
293 118.5 0.08
293 200.1 3.94
293 298.4 4.87
294 120 0.04
294 143.8 0.65
294 199.6 3.75
294 315.5 4.59
294 401.9 7.16
294 120.1 0.12
294 141.7 0.5
294 198 1.3
294 301.1 7.39
294 403.3 7.39
294 118.5 0.28
294 200 1.88
294 349.3 3.68
294 400.4 4.55
295 252.3 1.22
295 298.8 3.98
295 400 7.14
295 140.4 0.04
295 200.6 1.32
295 299.2 3.89
295 140.1 0.38
295 202.1 0.39
295 300.6 2.51
296 79.7 0.05
296 120.1 0.04
296 140.3 0.36
296 202.6 1.34
296 301.8 3.1
296 3.6 0.03
296 61.1 0.03
296 98.4 0.04
296 120.9 0.23
296 139.8 1.14
296 200.7 3.23
296 298.5 4.07
296 381.3 4.65
297 4.2 0.04
297 59.3 0.03
297 77.4 0.03
297 99.4 0.03
297 119.1 0.11
297 142.4 1.37
297 197.3 3.49
297 299.9 4.28
297 3.8 0.03
297 79.4 0.04
297 101.7 0.03
297 111.7 0.03
297 141.3 0.11
297 249.3 3.36
297 350.8 4.09
298 4.1 0.05
298 57.9 0.05
298 78.6 0.04
298 100.9 0.04
298 119.8 0.13
298 139 0.37
298 250.6 3.84
298 348.1 4.26
298 300.9 4.83
298 497 13.9
299 139.4 1.61
299 194.1 2.41
299 300.3 3.91
299 5.5 0.05
299 79.6 0.05
299 111 0.74
299 140.7 1.8
299 203.6 7.87
299 301 20.99
299 494.9 28.45
302 120.5 0.22
302 4.2 0.03
302 61.7 0.03
302 120.7 0.34
302 141.2 1.2
302 239.9 4.03
302 280.7 4.6
302 319.9 5.32
330 87.8 0.05
330 99.8 0.83
330 121.6 1.47
330 200.9 2.73
330 300 3.94
330 404.6 4.86
330 4.3 0.07
330 100.5 0.06
330 120.8 1.45
330 202.8 2.97
330 300.1 3.83
346 99.3 0.05
346 120.7 0.41
346 140 1.24
346 200.7 3.01
346 300.7 3.54
346 401.1 3.82
346 5 23.11
346 40.2 19.66
346 58.7 18.79
346 80.4 18.5
347 4.2 3.54
347 40.1 15.14
347 61.6 24.55
347 101 20.37
347 202 0.08
347 301.1 1.82
347 402.7 1.42
347 3.4 20.96
347 39.1 20.11
347 60.5 18.1
347 81.9 18.2
347 138.9 0.1
347 199.8 0.22
347 301.3 0.9
348 4.4 7.33
348 60.9 21.07
348 101.6 18.95
348 139.1 0.09
348 201.4 0.17
348 300.3 0.34
348 402.2 1.65
348 3.4 18.12
348 40.2 17.39
348 99.6 18.44
348 140.8 0.15
348 199.7 0.06
348 299.8 0.05
348 3.8 3.07
348 40.8 2.79
348 101.3 3.63
348 138.2 4
348 199.8 19.99
348 302.2 19.01
289 84.1 0.68
289 100.3 0.95
289 120.7 1.6
289 138.5 1.49
289 201.6 2.4
289 300.3 3.82
290 100.2 0.12
290 119.5 0.14
290 139.2 0.69
290 201.8 2.9
290 302.4 3.94
291 120.9 0.16
291 140 0.71
291 198.7 3.02
291 301 3.92
291 119.2 0.59
291 140.6 1.07
291 198.4 3.13
291 300.4 3.72
291 142.2 0.21
291 199.6 2.69
291 302 3.86
292 99.7 0.13
292 120.4 0.65
292 139.6 0.97
292 199.9 2.37
292 300 3.68
292 119.5 0.25
292 200.4 2.22
292 301.5 3.92
292 2.9 0.04
292 120.5 0.12
292 139.8 0.2
292 199.7 0.83
292 301.8 4.12
293 137.4 0.12
293 199.5 1.15
293 299.9 4.06
293 3 0.04
293 121 0.18
293 139.4 0.37
293 201 1.99
293 300.8 4.17
293 498.8 19.39
294 139.5 0.11
294 200.7 1.14
294 300.2 3.93
294 20.4 0.08
294 120.1 0.19
294 140.9 0.37
294 200.5 1.98
294 299.4 4.2
290 302.5 2.95
290 497.6 5.27
292 4.9 0.06
292 20.5 0.04
292 41.3 0.06
292 58.6 0.06
292 79.6 0.05
292 101.4 0.05
292 118.2 0.07
292 138.1 0.43
292 198.5 1.92
292 299.3 4.37
292 498.4 9.21
293 5.2 0.04
293 139.2 0.07
293 200.5 1.64
293 120.2 0.16
293 141 0.44
293 201.2 2.27
293 298.7 4.72
293 498.3 10.26
293 5.4 0.05
293 120.2 0.31
293 140.4 0.7
293 201.2 2.41
293 301.5 4.58
293 498.6 10.94
294 4.9 0.04
294 20.3 0.05
294 40.7 0.06
294 59.6 0.06
294 80.2 0.06
294 99.5 0.06
294 119.7 0.06
294 140.3 0.14
294 200 1.18
294 300.2 4.35
294 120.7 0.08
294 141.3 0.28
294 200 1.29
294 300.3 4.81
294 139.2 0.2
294 199.7 2.05
295 20.9 0.05
295 40.6 0.06
295 59.9 0.06
295 81.1 0.07
295 100.7 0.56
295 118 0.96
295 140.7 0.98
295 199.1 0.98
295 300 5.08
295 80 0.05
295 100 1.36
295 120 0.99
295 200.5 2.88
295 302 6.6
298 140.2 0.27
298 200.2 1.13
301 180.1 2.68
301 250.4 3.89
301 160.8 2.08
301 320.2 3.76
301 401.6 3.39
302 79.9 0.05
302 100.8 0.62
302 120.9 1.95
302 199.7 2.7
302 299.4 1.64
292 80.7 0.41
292 100.2 1.25
292 120.6 2.07
292 140.3 2.45
292 200.9 3.12
292 301.8 4.19
292 400.8 4.88
292 78.9 0.15
292 99.2 1.13
292 119.3 1.67
292 138.9 3
292 199.1 3.16
292 300.4 4.89
292 399.8 6.35
293 80 0.48
293 100.3 2.02
293 119.8 2.43
293 140.3 2.75
293 200.8 3.82
293 301.2 3.91
293 400.2 5.27
293 3.2 0.04
293 99.2 0.7
293 120 1.31
293 139.2 2.4
293 200.5 3.07
293 300.2 3.66
293 400.3 4.64
294 5.3 0.12
294 121.9 0.25
294 138 1.06
294 199.8 3.47
294 300.4 4.4
294 400.2 6.38
294 120.5 0.59
294 139.7 2.56
294 201.1 3.33
294 301.2 4.45
294 403.1 6.48
295 119.7 0.1
295 140.1 0.98
295 200.5 3.44
295 299.8 4.85
295 401.2 5.89
295 9.7 0.33
295 49.1 0.07
295 78.9 0.04
295 118.6 0.07
295 139.4 0.49
295 199.9 2
295 249.2 0.58
295 300.1 3.34
295 99.5 0.27
295 118.3 0.21
295 140 0.27
295 200.9 2.03
295 300 2.59
295 399.3 2.92
295 499.6 5.13
296 49.9 8.93
296 80.3 0.16
296 140.6 0.23
296 200.9 1.79
296 301.9 3.85
296 402 6.22
296 9.7 0.11
296 121.3 0.06
296 139.1 0.23
296 200 2.79
296 300 5.11
296 399.6 8.58
297 99.6 0.07
297 120.6 0.24
297 140.2 0.78
297 199.3 4.38
297 250.7 6.15
297 300.4 8.36
297 499.4 9.55
297 8.4 0.21
297 49.8 0.07
297 79.7 0.04
297 120.4 0.49
297 138.8 0.82
297 198.8 2.87
297 300.8 6.51
297 399.4 12.06
297 499.3 18.47
298 98.4 0.26
298 119.4 0.88
298 139.5 1.21
298 200 2.79
298 300.5 5.87
298 400.1 12.92
300 3.8 0.07
300 78.6 0.58
300 101.8 3.37
300 120.5 7.58
300 198.4 15.48
301 119.1 0.07
301 138.8 0.68
301 160.7 1.4
301 199.4 2.18
301 301.2 3.54
302 50.4 0.1
302 122.4 1.73
302 144 2.63
302 161.1 3.15
302 199.3 3.78
302 302.1 4.9
302 401.3 7.64
302 492.7 11.53
303 4.1 0.05
303 101.1 0.05
303 119.6 0.39
303 140.2 1.07
303 202.6 2.24
303 297 3.31
303 400.9 4.28
303 497.7 5.98
304 80.8 0.26
304 100.4 0.63
304 140.3 2.63
304 199.3 3.57
304 299.9 5.65
304 6.2 0.07
304 84.5 0.14
304 100.1 0.15
304 99.6 0.17
304 119.8 0.4
304 200.3 3.18
304 300.2 4.24
304 399 5.13
305 5.6 0.07
305 49.7 0.05
305 78.5 0.9
305 96.2 2.02
305 119.5 2.32
305 138.8 3.33
305 198 3.76
305 297.5 3.61
305 400.4 4.17
306 6.8 0.1
306 49.3 0.11
306 79.3 0.2
306 99.8 1.59
306 119.8 2.1
306 139.5 2.45
306 198.9 2.96
306 300.1 1.71
306 400.2 3.95
306 499.1 2.8
271 80.4 0.14
271 100.2 1.22
271 120.1 1.68
271 140 1.85
271 160.4 2.05
271 199.8 2.58
271 249.5 3.28
271 299.5 3.84
272 80.1 1.21
272 99.3 1.3
272 119.9 1.39
272 160 1.62
272 200.1 2.43
272 252 3.34
272 300.7 3.73
272 300.6 3.75
272 498.4 4.22
273 59.7 1.07
273 79.4 5.84
273 100 10.06
273 120.5 12.76
273 141.2 13.16
273 158.8 13.58
273 200.2 14.76
273 251.1 21.11
273 301.1 23.53
274 5.9 0.13
274 8.8 0.09
274 21.4 0.08
274 40.1 0.08
274 61.2 0.07
274 80.7 0.2
274 98.6 0.74
274 119.5 1.39
274 138.6 1.58
274 159.7 1.92
274 198.6 2.69
278 4.6 0.11
278 19.8 0.09
278 39.3 0.09
278 80.3 0.24
278 101.4 0.75
278 120.2 2.07
278 142.1 2.36
278 159.8 2.01
278 202 3.02
278 250.7 3.41
278 300.5 3.48
279 120.5 1.59
279 141 2.3
279 160.8 2.08
279 200.8 3.19
279 249.5 3.9
279 302.8 4.08
282 139.5 0.23
282 158.8 0.92
282 199.4 2.63
282 248.9 4.11
282 299.5 4.68
282 499.9 8.73
283 119.2 0.55
283 141 1.1
283 158.2 1.78
283 199.9 3.42
284 139.5 0.11
284 160.1 0.57
284 201.4 1.84
284 248.8 3.72
284 299.6 4.26
285 99.8 0.18
285 119.8 0.87
285 139.8 0.83
285 200.3 3.21
285 299.7 5.3
285 499.8 13.39
286 140.4 0.31
286 159.4 0.85
286 199.5 3.69
286 299.6 7.59
286 80.2 0.14
286 99.7 0.43
286 119.7 0.44
286 139.6 1.16
286 199.9 3.26
286 249.6 5.16
286 298.8 6.79
288 119.4 0.7
288 159.6 2.06
288 200.2 3.22
288 249.4 4.01
288 299.6 4.97
288 499.9 16.77
288 119.4 0.05
288 161.6 0.45
288 201.4 1.7
288 249.7 3.6
288 301.4 4.77
289 159.8 0.95
289 198.9 2.93
289 249.8 5.07
289 299.2 5.84
289 498.3 13.7
290 159.8 0.08
290 201 1.1
290 249.4 2.78
290 298.9 4.54
290 499.7 5.53
290 121 0.08
290 159.4 0.73
290 200.1 2.56
290 251 3.31
290 300.5 3.46
291 99.2 0.61
291 119.8 2.37
291 158.5 3.06
291 199.8 4.02
291 250.6 4.33
291 299.9 4.33
271 79.6 0.08
271 99.7 0.97
271 119.9 1.42
271 149.8 1.94
271 199.8 2.96
271 299.9 4.32
271 450.7 6.5
272 4.5 0.07
272 99.3 0.19
272 119.6 1.43
272 150.3 2.53
272 202 3.36
272 301.1 4.67
272 400.7 6.64
273 5.2 0.1
273 80.6 0.05
273 100.5 2.08
273 121.1 4.93
273 151 5.42
273 199.5 7.56
273 300.3 11.69
273 420.2 18.52
273 5.9 0.42
273 60.4 0.1
273 69.7 0.81
273 80.4 2.56
273 99.6 5.68
273 120.6 6.54
273 199.6 13.38
273 299.3 22.72
273 499.8 25.35
275 100.3 0.2
275 119.4 1.03
275 150.1 1.66
275 200.9 2.62
275 300.4 4.34
275 440.2 5.5
275 5 0.06
275 100.3 0.08
275 119.7 0.62
275 150 1.27
275 199.4 2.37
275 300.1 4.29
275 439.9 5.85
276 4.9 0.07
276 98.3 0.1
277 120.6 0.44
277 149.3 1.27
277 200.1 2.66
277 300.7 4.32
277 441 6.38
277 100.2 0.05
277 120.5 0.72
277 151.5 1.66
277 200.9 2.68
277 301.2 4.41
277 440.8 5.91
277 5.3 2.79
277 120.5 0.05
278 5.8 0.22
278 79.5 0.05
278 120.8 0.13
278 150.6 0.29
278 199.8 1.19
278 281.5 3.36
278 401 4.92
278 5.7 2.24
279 6.2 0.06
279 121.5 0.27
279 150.1 1.1
279 201.3 2.88
279 301.7 4.27
280 119.8 0.07
280 151.1 0.63
280 199.6 2.6
280 302 6.42
282 4.4 0.08
282 149.7 0.08
282 201.3 0.75
282 303.5 4.63
282 402.5 9.53
282 5.1 0.11
282 149.2 0.32
282 199.8 1.74
282 300.2 4.72
282 400.3 7.62
283 149.3 0.82
283 200.1 3.2
283 298.8 4.91
283 400.3 7.59
283 6.2 0.11
283 119.8 0.04
283 199.4 1.88
283 300.6 4.13
283 400.3 5.61
284 5.9 0.07
284 119 0.29
284 148.8 1.27
284 197.6 3.17
284 299 6.29
284 400.2 7.47
285 5 15.93
285 150.4 0.06
285 199.2 0.39
285 301.2 1.58
285 400.5 4.22
285 4.9 0.51
285 40.5 0.12
285 80 0.05
285 99.3 0.06
285 118.9 0.85
285 149.5 1.59
285 200.1 2.74
285 301.9 4.87
285 80.7 0.45
285 200.1 2.06
285 301 4.52
285 399.3 4.86
286 6 0.2
286 40.1 0.05
286 100.1 0.12
286 149.6 1.5
286 200.3 2.7
286 299.6 4.73
286 399.9 5.97
286 5.1 0.21
286 100.8 1.44
286 150.5 1.42
286 200.3 2.3
286 301.2 4.37
286 400.7 5.15
272 98.3 0.19
272 119.6 1.8
272 148.3 2.27
272 202.4 1.98
272 300.7 3.23
272 399.3 4.95
272 98.5 0.11
272 120.4 0.61
272 147 1
272 200.1 2.96
272 302.6 3.87
272 499.9 7
273 4.3 0.13
273 299 4.81
274 4.8 0.12
274 40.8 0.17
274 80.6 0.33
274 100.6 0.57
274 119.9 1.52
274 149.7 2.23
274 202.7 2.63
274 299.8 4.5
274 400.4 5.4
274 103.5 0.05
274 199.8 2.53
275 5.2 0.1
275 121 0.47
275 150.9 1.34
275 201.3 2.29
275 301.1 4.86
275 400.9 4.64
275 3.6 0.2
275 150.7 0.18
275 201.4 1.38
275 300.5 4.69
275 400.8 5.87
275 150.6 0.1
275 201 0.92
275 300.5 4.62
275 400.8 6.37
276 3.1 0.19
276 100 0.04
276 200.4 1.41
276 300.7 4.87
276 399.7 6
277 3.5 0.2
277 150.7 0.36
277 201.5 1.91
277 301.1 6.43
277 400.5 8.76
279 100.7 0.1
279 151.3 0.7
279 200.5 3.13
279 300.4 5.8
279 400.6 9.48
280 3.7 0.13
280 100.9 0.04
280 150.4 0.42
280 202.4 1.62
280 298.8 5.73
280 402 8.8
281 149.7 0.19
281 200.1 1.34
281 299.7 4.53
281 399.6 5.89
285 3.3 0.1
285 100.3 0.1
285 121 0.72
285 150.3 2.35
285 199.8 2.97
285 300.6 5.05
285 401.7 6.61
