"DOY" "Depth" "DIP"
86 150.8 0.11
86 201.4 0.16
86 252.9 0.16
86 303.2 0.2
86 401.9 0.26
88 250.8 0.11
89 100.6 0.03
89 251.6 0.12
89 301.1 0.15
89 401.4 0.23
89 3.3 0.04
89 250.7 0.06
89 300.6 0.14
89 400.4 0.2
89 499.2 0.35
90 2.5 0.05
90 10.9 0.07
90 25.3 0.05
90 49.6 0.06
90 75.1 0.17
90 99.5 0.07
90 150.5 0.07
90 201.9 0.06
90 249.6 0.06
90 302.1 0.06
90 401.5 0.21
206 301 0.13
206 400.6 0.21
207 151.5 0.04
207 201.1 0.11
207 250.9 0.18
207 301.1 0.19
207 401.4 0.32
207 12 0.04
207 201.3 0.13
207 250.4 0.15
207 301.4 0.21
207 400.8 0.35
208 151.2 0.04
208 201.6 0.06
208 249.8 0.09
208 300.9 0.09
208 401.1 0.13
208 151 0.05
208 201.9 0.1
208 251.4 0.13
208 300.1 0.19
208 401 0.3
209 150.6 0.11
209 200.9 0.13
209 251.3 0.15
209 300 0.16
209 400.2 0.31
209 100.1 0.08
209 150.3 0.1
209 200.5 0.11
209 251.1 0.1
209 301.6 0.11
209 400.9 0.21
297 76.6 0.04
297 101.5 0.04
297 150.5 0.04
297 201.2 0.08
297 250.5 0.14
297 301.1 0.1
297 401.3 0.36
297 150.2 0.08
297 200.6 0.1
297 249.4 0.13
297 301.4 0.12
297 400.9 0.36
297 499.9 0.57
297 101 0.05
297 148.4 0.06
297 202.2 0.09
297 250.2 0.1
297 302.7 0.1
297 402.2 0.21
298 101 0.03
298 150.1 0.07
298 201 0.1
298 251.3 0.12
298 302.2 0.11
298 401 0.15
298 11.5 0.04
298 102.4 0.03
298 149.7 0.1
298 200.5 0.12
298 250.7 0.14
298 301.1 0.16
298 401.6 0.31
299 150.8 0.08
299 201 0.12
299 250.8 0.14
299 300.2 0.18
299 399.2 0.26
299 202 0.07
299 250.1 0.11
299 300.3 0.1
299 399.6 0.25
300 251.3 0.12
300 301.2 0.12
300 400.3 0.25
176 120.6 0.09
176 160.7 0.16
176 201.8 0.16
176 298.8 0.19
176 498.6 0.74
176 121.8 0.04
176 141.8 0.1
176 201.2 0.16
176 304.7 0.19
176 497.8 0.75
176 121.1 0.06
176 139.9 0.08
176 200.5 0.14
176 300 0.27
176 199.6 0.1
176 300.1 0.17
176 499.8 0.58
177 139.5 0.04
177 199.1 0.14
177 299.6 0.14
177 497.3 0.6
177 202.4 0.11
177 301.7 0.19
177 201.2 0.12
177 300.9 0.18
177 499.7 0.46
177 140.9 0.04
177 201 0.12
177 300.4 0.17
177 4.8 0.05
177 120.2 0.06
177 141 0.09
177 200.4 0.1
177 300.6 0.13
177 499.7 0.45
177 100.8 0.05
177 120.8 0.07
177 141.1 0.1
177 201.1 0.14
177 299.7 0.14
178 121.4 0.04
178 142.4 0.07
178 201.7 0.08
178 300.3 0.14
178 499.4 0.44
178 199.8 0.08
178 300.2 0.13
178 80.5 0.06
178 139.2 0.07
178 200 0.13
178 300.2 0.15
178 499.7 0.51
178 120.8 0.06
178 140.4 0.1
178 200.7 0.13
178 300.3 0.16
178 119.5 0.04
178 140.4 0.09
178 200.9 0.13
178 299.1 0.2
178 499.6 0.48
178 200.9 0.09
178 299.9 0.13
179 120.8 0.1
179 141.3 0.12
179 201 0.1
179 301.7 0.12
179 118.8 0.07
179 139.5 0.14
179 201.1 0.16
179 301.8 0.16
179 500 0.34
179 100.6 0.09
179 120.4 0.11
179 140.2 0.13
179 200.9 0.13
179 301 0.15
179 101.8 0.05
179 120.3 0.09
179 141.2 0.11
179 201.3 0.12
179 299.7 0.15
179 118.7 0.05
179 140.9 0.08
179 200.2 0.13
179 301.5 0.15
179 497.9 0.22
180 120.4 0.06
180 140 0.09
180 201.3 0.15
180 301.7 0.15
180 121.4 0.08
180 140.5 0.32
180 200.9 0.27
180 299.7 0.21
180 5.9 0.23
180 81.7 0.2
180 100.7 0.16
180 120.2 0.3
180 141.3 0.33
180 200.4 0.27
180 300.6 0.3
180 5.5 0.1
180 40.5 0.05
180 59.9 0.06
180 80.9 0.05
180 100.4 0.06
180 120.2 0.15
180 140.2 0.17
180 201 0.18
180 300.4 0.2
180 400 0.46
188 100.1 0.05
188 119.9 0.1
188 139.8 0.11
188 199.8 0.15
188 300.3 0.17
188 400.1 0.31
188 99.4 0.1
188 118.4 0.12
188 138.8 0.14
188 199.9 0.18
188 302 0.21
188 399.8 0.55
188 499.8 0.77
188 79.6 0.06
188 100.2 0.14
188 119.6 0.15
188 199.7 0.21
188 300.4 0.22
188 400.6 0.65
188 499.8 0.84
188 140.4 0.16
189 99.2 0.06
189 121.9 0.09
189 141.4 0.11
189 200.9 0.14
189 301.6 0.19
189 401 0.36
189 119.1 0.05
189 140.5 0.07
189 201.1 0.13
189 301.1 0.15
189 401.3 0.22
189 100.5 0.04
189 118.3 0.07
189 139.6 0.07
189 200.3 0.1
189 299.2 0.12
189 399.3 0.17
189 99.6 0.04
189 120.1 0.08
189 139.7 0.09
189 201.3 0.1
189 300.3 0.13
189 399.7 0.19
189 80.9 0.04
189 100.3 0.04
189 120.6 0.06
189 140 0.08
189 200.7 0.14
189 300.4 0.15
189 400.9 0.27
189 100 0.13
189 119.4 0.15
189 140.3 0.12
189 200.2 0.19
189 300 0.4
189 399.8 0.69
189 79.8 0.17
189 100.7 0.18
189 120.2 0.18
189 139.7 0.18
189 200.6 0.26
189 299.7 0.59
189 401.2 0.82
190 2.5 0.04
190 20.4 0.04
190 80.5 0.06
190 100.8 0.15
190 120.2 0.18
190 142 0.18
190 201.5 0.2
190 301.7 0.48
190 400.5 0.68
190 78.7 0.08
190 101.1 0.11
190 121.2 0.14
190 140.6 0.12
190 199.7 0.15
190 300.4 0.18
190 400.1 0.35
190 80.5 0.05
190 99.8 0.09
190 120.4 0.11
190 140.3 0.11
190 200 0.14
190 301.7 0.16
190 400.1 0.22
190 100.5 0.13
190 120.6 0.15
190 140.5 0.16
190 201.4 0.19
190 300.8 0.32
190 398.6 0.62
190 499.6 0.85
190 79.7 0.17
190 99.9 0.21
190 120.3 0.21
190 139.9 0.2
190 200.9 0.25
190 300.7 0.55
190 400.9 0.8
190 500 1.07
190 99.9 0.15
190 120.3 0.19
190 139.6 0.19
190 199.6 0.18
190 299.3 0.33
190 398.7 0.63
190 499.8 0.88
191 100 0.1
191 119.8 0.1
191 140 0.1
191 200.5 0.13
191 300.2 0.15
191 401.2 0.27
191 120.7 0.04
191 140.3 0.07
191 201.2 0.09
191 300.4 0.14
191 401.3 0.18
191 100.5 0.09
191 119.6 0.08
191 139.9 0.1
191 200.5 0.12
191 300.2 0.14
191 400.1 0.19
191 499.9 0.31
191 100.3 0.08
191 120.2 0.11
191 140.4 0.1
191 200.2 0.13
191 299.7 0.16
191 400 0.32
191 499.9 0.46
191 100.5 0.07
191 120.4 0.11
191 140.2 0.12
191 201.4 0.15
191 300.6 0.21
191 401.2 0.34
191 499.7 0.58
191 80.5 0.05
191 99.6 0.11
191 119.8 0.13
191 140.4 0.14
191 200.3 0.17
191 300.4 0.24
191 399.8 0.46
191 499.9 0.65
191 100.3 0.08
191 119.8 0.09
191 140.3 0.15
191 201 0.16
191 301.8 0.18
191 400.2 0.35
191 499.4 0.58
192 100.3 0.09
192 120.5 0.1
192 140.5 0.1
192 199.9 0.11
192 300.6 0.12
192 400.4 0.15
192 100.5 0.06
192 120 0.08
192 140 0.08
192 200 0.13
192 299.6 0.13
192 400.2 0.18
192 119.5 0.06
192 140.4 0.09
192 199.7 0.11
192 301.3 0.14
192 400.6 0.18
192 99.9 0.07
192 120.8 0.1
192 140.1 0.11
192 200 0.12
192 299.7 0.15
192 400.7 0.19
192 499.1 0.36
192 99.7 0.08
192 120.2 0.1
192 139.5 0.1
192 200.2 0.11
192 300.8 0.13
192 400.5 0.19
192 101.1 0.19
192 120.7 0.21
192 139.9 0.21
192 200.2 0.44
192 300 0.76
192 400.2 1.08
193 4.1 0.04
193 80.2 0.05
193 101.1 0.09
193 119.6 0.12
193 139.8 0.12
193 201.1 0.12
193 304.5 0.15
193 400.8 0.17
193 499.8 0.27
193 119.6 0.04
193 139.7 0.08
193 199.6 0.12
193 301.3 0.16
193 402.3 0.19
193 120.6 0.09
193 140.4 0.09
193 201.1 0.13
193 299 0.2
193 401.8 0.3
193 499.8 0.47
193 100.8 0.06
193 120.3 0.11
193 141 0.11
193 202.3 0.15
193 301.5 0.19
193 400.5 0.29
193 499.2 0.5
194 140.2 0.05
194 202.5 0.13
194 300.5 0.13
194 400.3 0.2
203 122.3 0.07
203 139.5 0.1
203 199 0.14
203 300.6 0.16
203 495.1 0.4
203 141.2 0.06
203 200.7 0.14
203 300.9 0.15
203 121 0.05
203 140.1 0.11
203 199.7 0.12
203 301.1 0.16
203 200.2 0.13
203 301.6 0.16
203 120.4 0.04
203 140 0.05
203 199.7 0.11
203 301.3 0.14
203 498.8 0.34
203 121 0.04
203 140.3 0.07
203 198.8 0.11
203 300.3 0.14
204 140.2 0.05
204 199.5 0.1
204 299.3 0.15
204 119.3 0.05
204 140.3 0.11
204 199.9 0.13
204 298.8 0.16
204 140.5 0.08
204 200.4 0.15
204 300.9 0.1
204 119.8 0.08
204 140.4 0.11
204 200.3 0.12
204 300.4 0.17
204 99.9 0.09
204 120.4 0.11
204 139.9 0.11
204 200.2 0.15
204 300.8 0.16
204 499.7 0.46
204 100.1 0.07
204 120.6 0.1
204 139.7 0.12
204 199.3 0.12
204 300.1 0.17
204 499.9 0.51
205 99.6 0.1
205 118.9 0.11
205 140.1 0.12
205 200.6 0.16
205 299.7 0.21
205 100 0.07
205 119.8 0.14
205 139.7 0.18
205 199.1 0.23
205 299.6 0.25
205 499.9 0.77
205 99.4 0.1
205 120.7 0.16
205 140.8 0.18
205 201.1 0.21
205 300.3 0.21
205 120.4 0.07
205 140.6 0.1
205 199.6 0.14
205 300.6 0.19
205 100.2 0.08
205 120.5 0.09
205 139.8 0.1
205 200.7 0.12
205 300.5 0.15
205 120.8 0.06
205 141.2 0.12
205 201.8 0.12
205 299.9 0.16
206 120.1 0.06
206 140.2 0.09
206 200.4 0.11
206 299.7 0.16
206 499.9 0.4
206 119.1 0.07
206 140.2 0.1
206 199.9 0.15
206 301.6 0.16
206 100.7 0.13
206 121.1 0.18
206 141.4 0.21
206 200.1 0.21
206 303.3 0.29
206 99.3 0.2
206 119.8 0.21
206 140 0.22
206 199.2 0.33
206 300.9 0.63
206 100.2 0.15
206 119.5 0.25
206 140.4 0.21
206 201 0.26
206 300.4 0.54
206 499.6 0.99
206 99.1 0.07
206 119.7 0.1
206 140.4 0.15
206 201.1 0.16
206 297.9 0.21
207 120.3 0.06
207 140.8 0.09
207 200 0.14
207 299 0.18
207 100.9 0.05
207 119.4 0.19
207 140.3 0.22
207 199.9 0.21
207 299.8 0.44
207 499.6 0.89
207 100.9 0.19
207 120.4 0.21
207 139.1 0.22
207 200.4 0.31
207 300.2 0.62
207 499.3 1.09
207 100.3 0.1
207 118.7 0.15
207 140.4 0.19
207 201.2 0.22
207 301.1 0.25
207 100.3 0.06
207 120 0.1
207 141.9 0.11
207 201.1 0.14
207 301.3 0.15
208 120.2 0.05
208 140.3 0.09
208 200.9 0.12
208 300.4 0.16
208 100.3 0.04
208 118.9 0.1
208 139.9 0.12
208 200.1 0.14
208 300 0.16
208 99.1 0.09
208 120.2 0.13
208 141.1 0.15
208 201.1 0.16
208 299.9 0.2
208 499.8 0.54
208 99 0.08
208 121.3 0.17
208 140.1 0.21
208 201.2 0.23
208 299.3 0.25
208 499.5 0.69
208 100.5 0.19
208 120 0.23
208 140.4 0.23
208 199.8 0.29
208 301.6 0.64
34 122.8 0.06
34 140.9 0.06
34 199.9 0.14
34 299.4 0.17
34 401.6 0.22
34 140.5 0.05
34 159.9 0.06
34 202.9 0.14
34 251.1 0.2
35 199.7 0.1
35 301.6 0.16
35 400.2 0.99
35 200.8 0.12
35 301.5 0.17
35 399.6 1.02
35 199.4 0.08
35 300.4 0.17
35 401.1 1.04
35 200.5 0.13
35 301 0.16
35 397.3 1.07
35 200.6 0.09
35 299.7 0.15
35 401.2 0.13
273 120.2 0.03
273 140.1 0.06
273 159.6 0.08
273 200.4 0.07
273 300.7 0.07
273 400.8 0.22
273 138.5 0.06
273 160.5 0.19
273 201.9 0.18
273 301.3 0.48
276 160.5 0.03
276 200.8 0.04
276 298.2 0.06
276 362.1 0.06
276 397.5 0.08
277 199.9 0.07
277 259.3 0.08
277 300.9 0.06
277 398.1 0.14
277 200.4 0.07
277 261.5 0.14
277 300.5 0.12
277 399.3 0.16
277 301.2 0.07
277 400.4 0.08
278 159.9 0.04
278 199 0.04
278 239.6 0.07
278 299.5 0.14
278 399.1 0.14
278 240.1 0.05
278 301.1 0.07
278 380.7 0.18
279 201.1 0.08
279 239.7 0.08
279 299.9 0.16
279 398.7 0.36
279 239.4 0.04
279 299.7 0.17
279 359.7 0.22
279 301.1 0.06
279 361.9 0.09
279 401.1 0.14
280 200 0.04
280 302.1 0.08
280 401.5 0.32
280 200.3 0.04
280 280.2 0.13
280 401.6 0.25
280 320.6 0.11
280 401.2 0.2
290 121.1 0.08
291 3.6 0.04
291 140.1 0.05
292 100.6 0.04
293 336.7 0.06
293 401.8 0.1
293 349.7 0.04
293 400.7 0.13
293 354.5 0.04
293 400.1 0.06
294 342.1 0.07
294 400.7 0.15
294 79.9 0.11
294 316.1 0.13
294 401.6 0.3
295 200.6 0.04
295 304.8 0.08
295 400.1 0.16
296 309.8 0.09
296 400.7 0.19
296 300.5 0.08
296 399.8 0.54
300 99.6 0.05
300 305.2 0.09
300 400.5 0.21
301 200 0.04
301 364.4 0.13
301 399.9 0.09
296 200.6 0.11
296 300.5 0.16
296 400 0.23
296 201.4 0.08
296 350 0.17
296 400.3 0.22
296 497.6 0.32
296 200.8 0.08
296 321.5 0.2
296 400.5 0.22
297 150.6 0.04
297 324.7 0.2
297 400 0.27
297 3.9 0.04
297 20.2 0.04
297 39.8 0.04
297 59.6 0.04
297 80.2 0.04
297 99.8 0.04
297 120.9 0.04
297 150.9 0.05
297 201.3 0.1
297 341.4 0.22
297 401.8 0.32
298 3.8 0.04
298 20.4 0.04
298 40.3 0.04
298 60.8 0.04
298 80.1 0.04
298 100.1 0.04
298 120.4 0.04
298 140.4 0.04
298 149.9 0.04
298 200.8 0.05
298 401.5 0.16
298 430.2 0.19
298 345.3 0.2
298 400.8 0.3
298 200.8 0.2
298 320.4 0.27
298 401.7 0.55
299 200.6 0.05
299 315.3 0.21
299 399.7 0.39
299 499.8 0.68
299 304.6 0.17
299 399.1 0.38
299 499 0.59
299 201.9 0.04
299 297.8 0.16
299 402.9 0.33
304 149.2 0.07
304 200.3 0.11
304 300.5 0.16
304 399.9 0.28
304 499.1 0.48
304 200.2 0.08
304 318.9 0.2
304 400.4 0.28
290 149 0.07
290 201.2 0.1
290 303.3 0.14
290 397.5 0.22
290 149.9 0.04
290 199.5 0.08
290 280.1 0.12
290 400.5 0.24
290 199.2 0.1
290 299.7 0.19
290 399.7 0.27
291 151.4 0.09
291 202 0.12
291 281.5 0.16
291 401.4 0.31
291 4.6 0.04
291 19.5 0.04
291 100.4 0.04
291 118.7 0.04
291 148.7 0.04
291 198.6 0.04
291 300.3 0.14
291 398.4 0.24
291 499.3 0.38
291 280.5 0.06
291 401.1 0.13
291 498.5 0.16
292 290.2 0.1
292 401.2 0.2
292 249.8 0.09
292 400.8 0.25
292 199.7 0.08
292 280 0.19
292 399.1 0.38
293 200.4 0.06
293 300 0.22
293 399.7 0.46
293 299.9 0.1
293 399.8 0.27
293 339.5 0.26
293 400.7 0.45
293 499.5 0.56
294 4.3 0.05
294 20.2 0.05
294 59.2 0.06
294 79.1 0.06
294 99.8 0.06
294 120.3 0.06
294 150.5 0.07
294 200.2 0.1
294 299 0.3
294 401.3 0.67
298 4.6 0.06
298 19.6 0.06
298 38.8 0.06
298 60 0.05
298 79.4 0.05
298 99.1 0.05
298 119.6 0.05
298 149.3 0.06
298 199.1 0.09
298 279.3 0.25
298 398.8 0.27
298 499 0.52
299 3.7 0.05
299 20.3 0.05
299 40.3 0.05
299 60.5 0.05
299 80.3 0.05
299 100.8 0.05
299 122.5 0.05
299 148.6 0.07
299 199.7 0.15
299 282.4 0.24
299 399.7 0.37
299 118.4 0.03
299 148.1 0.06
299 200.3 0.11
299 307.5 0.19
299 401.2 0.23
300 98.6 0.03
300 119.2 0.04
300 150.3 0.04
300 200.2 0.07
300 251.2 0.12
300 394.5 0.23
300 499.6 0.55
300 119.5 0.02
300 148 0.02
300 203.1 0.05
300 274.1 0.12
300 400.8 0.21
301 121.9 0.03
301 150.9 0.07
301 200.3 0.07
301 279.3 0.12
301 404.2 0.18
301 494.7 0.46
301 202.5 0.05
301 278.5 0.2
301 400.1 0.38
302 199.7 0.02
302 309.9 0.18
302 399.7 0.31
302 200.8 0.03
302 299.7 0.18
302 400.7 0.37
302 499.4 0.68
302 199.3 0.06
302 294.4 0.22
302 400.3 0.4
302 499.7 0.59
303 249.2 0.02
303 349.2 0.26
304 2.9 0.67
304 319 0.02
304 400.1 0.26
304 499.8 0.31
304 3 0.72
304 148.6 0.03
304 199.9 0.09
304 299.2 0.18
304 400.7 0.47
299 2.6 0.035
299 19.2 0.015
299 40 0.019
299 59.9 0.016
299 80.1 0.016
299 101.2 0.032
299 120.3 0.013
299 149.6 0.033
299 197.6 0.065
299 299.3 0.123
299 400.7 0.2
300 119.7 0.03
300 149.7 0.1
300 200 0.13
300 298.3 0.15
300 398.1 0.15
300 119.7 0.03
300 151.6 0.12
300 202.8 0.13
300 299.9 0.15
300 399 0.2
300 3.9 0.008
300 19.3 0.008
300 40 0.022
300 60.6 0.019
300 80.7 0.009
300 100.4 0.015
300 121.6 0.05
300 120.5 0.078
300 150.8 0.12
300 150.4 0.091
300 201.4 0.135
300 299.4 0.123
300 401 0.19
301 150.5 0.08
301 199.1 0.13
301 249.4 0.2
301 300 0.22
301 499.3 0.54
301 149.6 0.03
301 200 0.1
301 250.8 0.13
301 299.5 0.2
301 400.7 0.39
301 3.2 0.028
301 20.2 0.019
301 41.4 0.013
301 59.7 0.028
301 80.3 0.014
301 100.9 0.01
301 120.8 0.04
301 150.7 0.05
301 149.6 0.066
301 199.9 0.069
301 248.7 0.095
301 300.8 0.158
302 201 0.05
302 246.5 0.14
302 300.3 0.18
302 399.6 0.43
302 2.9 0.025
302 20.8 0.018
302 39.7 0.032
302 60.3 0.015
302 80.4 0.021
302 99.9 0.04
302 99.5 0.047
302 119.2 0.016
302 150.9 0.023
302 200.2 0.198
302 249.9 0.268
302 298.7 0.323
303 100.6 0.14
303 120.5 0.03
303 149.8 0.1
303 200 0.1
303 300.4 0.22
303 200 0.06
303 300.7 0.21
303 401.4 0.49
304 200.4 0.09
304 299 0.24
171 5.3 0.08
171 20.6 0.09
171 40.7 0.06
171 50.3 0.39
171 61 0.74
171 100.6 0.14
171 140.8 0.84
171 105.3 1.29
171 301 1.69
171 401.2 1.65
172 48.7 0.02
172 140.3 0.14
172 199.9 0.2
172 301 0.39
172 3.5 0.03
172 20.2 0.04
172 40.6 0.04
172 61.1 0.04
172 80 0.04
172 100.6 0.08
172 121 0.09
172 200.9 0.12
172 401.2 0.18
173 3.2 0.03
173 19.8 0.04
173 39.6 0.04
173 60.3 0.04
173 80.8 0.05
173 100.6 0.06
173 121.2 0.06
173 200.3 0.12
173 399.9 0.14
173 3.5 0.04
173 39.4 0.04
173 79.8 0.03
173 100.7 0.04
173 120.9 0.06
173 201.1 0.12
173 401.8 0.14
173 2.8 0.03
173 40.5 0.04
173 60.3 0.03
173 80.3 0.07
173 100.6 0.1
173 121.6 0.1
173 201.8 0.11
173 399.1 0.13
174 3.7 0.03
174 20.6 0.03
174 40 0.03
174 59.5 0.04
174 80 0.03
174 101.8 0.03
174 120.2 0.04
174 140 0.06
174 200.7 0.18
174 301.3 0.44
174 400.9 0.8
174 3.1 0.03
174 20.4 0.03
174 40.4 0.03
174 61.1 0.04
174 79.8 0.04
174 100.3 0.07
174 120.6 0.11
174 201.1 0.13
174 299.8 0.16
174 401.8 0.22
291 3.7 0.04
291 20.6 0.03
291 41.7 0.03
291 60.9 0.03
291 81.1 0.04
291 98.8 0.04
291 121.1 0.08
291 140.6 0.11
291 201.2 0.14
291 301.2 0.15
291 401.2 0.25
291 499.4 0.4
292 3 0.03
292 20.1 0.03
292 41.4 0.03
292 61.3 0.03
292 80.9 0.03
292 99.1 0.03
292 120.6 0.04
292 140.3 0.04
292 158.9 0.09
292 200.1 0.15
292 299.4 0.2
292 399.7 0.25
292 139.8 0.03
292 199.1 0.11
292 238.5 0.12
292 301.8 0.16
293 200.1 0.09
293 299.9 0.19
293 361.9 0.23
293 498.9 0.47
293 160.7 0.05
293 200.3 0.15
293 301.2 0.16
293 499.9 0.51
293 200.1 0.14
293 298.4 0.22
294 3 0.02
294 199.6 0.13
294 315.5 0.2
294 401.9 0.36
294 198 0.03
294 301.1 0.37
294 403.3 0.37
294 200 0.04
294 349.3 0.14
294 400.4 0.19
295 252.3 0.03
295 298.8 0.12
295 400 0.33
295 299.2 0.13
295 202.1 0.06
295 300.6 0.08
296 57.7 0.05
296 140.3 0.02
296 202.6 0.07
296 301.8 0.16
296 200.7 0.08
296 298.5 0.05
296 381.3 0.12
297 197.3 0.09
297 299.9 0.16
297 249.3 0.09
297 350.8 0.15
298 250.6 0.1
298 348.1 0.14
298 497 0.8
299 120.3 0.02
299 139.4 0.1
299 194.1 0.13
299 300.3 0.12
299 301 1.48
302 239.9 0.12
302 280.7 0.17
302 319.9 0.23
330 99.8 0.04
330 121.6 0.07
330 200.9 0.09
330 300 0.16
330 404.6 0.2
330 4.3 0.04
330 100.5 0.04
330 120.8 0.05
330 202.8 0.07
330 300.1 0.16
346 40.6 0.006
346 59.5 0.009
346 80.1 0.007
346 99.3 0.008
346 120.7 0.014
346 140 0.043
346 200.7 0.11
346 300.7 0.12
346 401.1 0.19
346 5 0.001
346 40.2 0.006
346 58.7 0.005
346 80.4 0.003
346 99.4 0.007
346 140.7 0.081
346 200.8 0.091
347 40.1 0.007
347 61.6 0.004
347 80.8 0.016
347 101 0.066
347 121.4 0.05
347 141.5 0.072
347 202 0.111
347 301.1 0.04
347 402.7 0.03
347 3.4 0.014
347 39.1 0.012
347 60.5 0.006
347 81.9 0.008
347 99.4 0.025
347 119.3 0.065
347 138.9 0.075
347 199.8 0.119
348 4.4 0.008
348 42.1 0.006
348 60.9 0.007
348 81.8 0.015
348 101.6 0.013
348 117.7 0.036
348 139.1 0.061
348 201.4 0.032
348 402.2 0.03
348 3.4 0.007
348 40.2 0.004
348 60.5 0.003
348 79 0.006
348 99.6 0.221
348 120.4 0.044
348 140.8 0.126
348 199.7 0.095
348 3.8 0.015
348 40.8 0.057
348 60.5 0.182
348 80.8 0.328
348 101.3 0.444
348 120.6 0.488
348 138.2 0.521
348 199.8 0.566
348 302.2 1.28
289 83.9 0.016
289 100.3 0.029
289 120.7 0.063
289 138.5 0.05
289 201.6 0.08
289 201 0.098
289 300.3 0.171
290 61.1 0.009
290 119.7 0.005
290 139.4 0.018
290 201.8 0.09
290 201.5 0.121
290 302.4 0.16
290 302.3 0.178
291 40.7 0.003
291 59.6 0.001
291 120.5 0.012
291 140.1 0.01
291 198.7 0.08
291 198.7 0.111
291 301 0.16
291 301.1 0.171
291 119.3 0.009
291 139.1 0.025
291 198.4 0.1
291 300.4 0.187
291 2.1 0.012
291 40.7 0.009
291 81.1 0.006
291 100.3 0.002
291 121.2 0.018
291 141.4 0.004
291 199.6 0.07
291 199.2 0.092
291 302 0.168
292 2.7 0.007
292 19.3 0.001
292 59.9 0.004
292 80 0.007
292 119.9 0.004
292 139.7 0.015
292 199.9 0.04
292 199.5 0.082
292 300 0.153
292 3.2 0.001
292 20.1 0.001
292 39.4 0.007
292 60.2 0.004
292 80.1 0.001
292 99.6 0.002
292 119.1 0.003
292 139.7 0.002
292 200.7 0.07
292 301.5 0.15
292 301.1 0.163
292 3 0.002
292 20.1 0.001
292 40.8 0.003
292 81.3 0.004
292 99.9 0.004
292 120.1 0.006
292 139.8 0.003
292 200.5 0.013
292 301.8 0.12
292 302.4 0.14
293 18.6 0.001
293 39.8 0.003
293 58.4 0.01
293 80.4 0.003
293 111 0.003
293 138.1 0.007
293 199.1 0.023
293 299.9 0.148
293 3.2 0.002
293 21.1 0.002
293 40.8 0.001
293 119.8 0.002
293 139.6 0.008
293 200.9 0.054
293 300.8 0.158
293 498.8 1.22
294 3.6 0.17
294 4 0.002
294 60.3 0.004
294 99.2 0.001
294 139.3 0.012
294 200.5 0.13
294 300.2 0.582
294 3.1 0.007
294 20.4 0.005
294 40.3 0.007
294 60.5 0.002
294 79.3 0.007
294 98.8 0.01
294 120.2 0.007
294 141 0.038
294 200.5 0.03
294 200.8 0.098
294 299.4 0.617
297 19.9 0.018
297 139.1 0.007
297 199.5 0.094
297 299.7 0.532
297 499.8 1.329
298 199.4 0.177
298 299.7 0.509
290 302.5 0.05
290 497.6 0.07
292 198.5 0.03
292 299.3 0.05
292 498.4 0.21
293 79.9 0.03
293 40.1 0.04
293 201.2 0.03
293 298.7 0.14
293 498.3 0.27
293 80.5 0.03
293 100.7 0.06
293 201.2 0.05
293 301.5 0.04
293 498.6 0.41
294 300.2 0.08
294 200 0.03
294 300.3 0.11
294 199.7 0.05
295 140.7 0.03
295 199.1 0.03
295 300 0.09
295 100 0.04
295 120 0.04
295 200.5 0.07
295 302 0.16
298 5.1 1.16
298 40.7 1.29
298 79.7 1.05
298 119.8 0.94
298 140.2 0.87
298 200.2 0.99
301 180.1 0.5
301 250.4 0.73
301 5.2 0.96
301 51.6 0.86
301 160.8 1.26
301 320.2 0.1
301 401.6 0.06
302 5.4 1.36
302 20.1 1.34
302 40.1 1.41
302 59.9 1.39
302 79.9 1.12
302 100.8 1.03
302 120.9 1.22
302 199.7 1.44
302 299.4 1.09
292 3.8 0.01
292 20.1 0.01
292 48.9 0.012
292 80.7 0.025
292 100.2 0.062
292 120.6 0.086
292 140.3 0.095
292 200.9 0.146
292 301.8 0.09
292 400.8 0.1
292 3.5 0.015
292 19.6 0.013
292 49.8 0.019
292 78.9 0.02
292 99.2 0.056
292 119.3 0.072
292 138.9 0.133
292 199.1 0.132
292 300.4 0.14
292 399.8 0.23
293 5.1 0.01
293 20 0.015
293 48.5 0.009
293 80 0.017
293 100.3 0.074
293 119.8 0.095
293 140.3 0.11
293 200.8 0.163
293 301.2 0.13
293 400.2 0.15
293 3.2 0.011
293 19.6 0.008
293 48.4 0.015
293 79.4 0.009
293 99.2 0.026
293 120 0.051
293 139.2 0.098
293 200.5 0.132
293 300.2 0.11
293 400.3 0.12
294 5.3 0.011
294 20.1 0.009
294 49.9 0.007
294 80.3 0.007
294 100.7 0.008
294 121.9 0.01
294 138 0.025
294 199.8 0.137
294 300.4 0.13
294 400.2 0.18
294 3.6 0.01
294 18.7 0.014
294 50.2 0.011
294 82.1 0.018
294 100.6 0.015
294 120.5 0.014
294 139.7 0.086
294 201.1 0.144
294 301.2 0.12
294 403.1 0.21
295 9.6 0.009
295 50.2 0.01
295 80.3 0.015
295 100 0.011
295 119.7 0.011
295 140.1 0.027
295 200.5 0.134
295 299.8 0.12
295 401.2 0.24
295 9.7 0.008
295 49.1 0.007
295 78.9 0.011
295 99.4 0.007
295 118.6 0.007
295 139.4 0.019
295 199.9 0.066
295 300.1 0.12
295 9.6 0.003
295 48.1 0.006
295 80.1 0.007
295 99.5 0.004
295 118.3 0.006
295 140 0.005
295 200.9 0.072
295 300 0.11
295 399.3 0.12
295 499.6 0.12
296 10.1 0.003
296 49.9 0.002
296 80.3 0.003
296 100.4 0.002
296 120 0.004
296 140.6 0.009
296 200.9 0.057
296 301.9 0.12
296 402 0.17
296 9.7 0.002
296 51.1 0.003
296 81.5 0.003
296 99.8 0.003
296 121.3 0.003
296 139.1 0.012
296 200 0.111
296 300 0.25
296 399.6 0.37
297 10 0.002
297 50.6 0.006
297 80.1 0.002
297 99.6 0.002
297 120.6 0.007
297 140.2 0.019
297 199.3 0.168
297 250.7 0.3
297 300.4 0.32
297 499.4 0.61
297 8.4 0.001
297 49.8 0.003
297 79.7 0.002
297 99.9 0.002
297 120.4 0.011
297 138.8 0.022
297 198.8 0.092
297 300.8 0.22
297 399.4 0.53
297 499.3 1.13
298 9.9 0.002
298 48.9 0.003
298 80.8 0.003
298 98.4 0.01
298 119.4 0.03
298 139.5 0.04
298 200 0.1
298 300.5 0.13
298 400.1 0.39
300 3.8 0.005
300 19.9 0.004
300 78.6 0.004
300 101.8 0.007
300 120.5 0.017
300 198.4 0.111
300 300.6 0.338
301 3.2 0.004
301 39.1 0.004
301 59.7 0.006
301 80.7 0.004
301 99.4 0.005
301 119.1 0.006
301 138.8 0.016
301 160.7 0.033
301 199.4 0.073
301 301.2 0.97
302 5.4 0.005
302 50.4 0.005
302 81.3 0.005
302 79.6 0.009
302 144 0.09
302 161.1 0.08
302 199.3 0.152
302 302.1 1.03
302 401.3 1.11
302 492.7 1.17
303 4.1 0.006
303 49.2 0.007
303 79.3 0.007
303 101.1 0.009
303 140.2 0.04
303 202.6 0.08
303 297 0.84
303 400.9 0.7
303 497.7 0.75
304 3.7 0.007
304 49.5 0.007
304 86.8 0.014
304 100.4 0.03
304 140.3 0.11
304 199.3 0.089
304 299.9 0.13
304 6.2 0.008
304 50 0.008
304 84.5 0.014
304 100.1 0.011
304 99.6 0.016
304 119.8 0.016
304 200.3 0.142
304 300.2 0.05
304 399 0.1
305 5.6 0.015
305 49.7 0.009
305 78.5 0.042
305 96.2 0.101
305 119.5 0.11
305 138.8 0.151
305 198 0.152
305 297.5 0.17
305 400.4 0.29
306 6.8 0.019
306 49.3 0.013
306 79.3 0.012
306 99.8 0.053
306 119.8 0.08
306 139.5 0.09
306 198.9 0.117
306 499.1 0.19
271 80.4 0.009
271 100.2 0.041
271 120.1 0.064
271 140 0.078
271 160.4 0.08
271 199.8 0.099
271 249.5 0.15
271 299.5 0.17
272 5.4 0.004
272 19.9 0.005
272 59.8 0.007
272 80.1 0.049
272 99.3 0.049
272 119.9 0.051
272 160 0.06
272 200.1 0.102
272 252 0.14
272 300.7 0.17
272 300.6 0.16
272 498.4 0.2
273 5.9 0.014
273 20.7 0.013
273 59.7 0.123
273 79.4 0.38
273 100 0.532
273 120.5 0.6
273 141.2 0.608
273 158.8 0.628
273 200.2 0.652
273 251.1 1.34
273 301.1 1.52
274 5.9 0.005
274 8.8 0.007
274 21.4 0.004
274 40.1 0.008
274 61.2 0.005
274 80.7 0.009
274 98.6 0.022
274 119.5 0.055
274 138.6 0.058
274 159.7 0.077
274 198.6 0.109
278 4.6 0.01
278 19.8 0.006
278 39.3 0.008
278 80.3 0.008
278 101.4 0.08
278 120.2 0.031
278 142.1 0.081
278 159.8 0.071
278 202 0.138
278 250.7 0.18
278 300.5 0.16
279 4.3 0.006
279 20.7 0.007
279 60.6 0.005
279 79.2 0.005
279 100.5 0.006
279 120.5 0.044
279 141 0.082
279 160.8 0.052
279 200.8 0.124
279 249.5 0.18
279 302.8 0.18
282 5.3 0.005
282 19.5 0.006
282 59.3 0.01
282 78.3 0.005
282 99.5 0.005
282 118.8 0.007
282 139.5 0.01
282 158.8 0.02
282 199.4 0.084
282 248.9 0.17
282 299.5 0.2
282 499.9 0.48
283 6.3 0.004
283 19.2 0.005
283 59 0.005
283 79.9 0.004
283 100.7 0.005
283 119.2 0.01
283 141 0.018
283 158.2 0.044
283 199.9 0.13
284 5.6 0.003
284 19 0.007
284 59.1 0.006
284 80.6 0.005
284 100 0.006
284 118.9 0.011
284 139.5 0.007
284 160.1 0.01
284 201.4 0.091
284 248.8 0.13
284 299.6 0.2
285 9.5 0.008
285 59.1 0.009
285 79.3 0.01
285 99.8 0.01
285 119.8 0.042
285 139.8 0.046
285 200.3 0.102
285 299.7 0.25
285 499.8 0.79
286 4.7 0.009
286 19.8 0.01
286 59.2 0.007
286 79.6 0.006
286 99.7 0.006
286 118.8 0.011
286 140.4 0.016
286 159.4 0.018
286 199.5 0.131
286 299.6 0.24
286 5.2 0.011
286 20.1 0.016
286 60.1 0.01
286 80.2 0.008
286 99.7 0.016
286 119.7 0.025
286 139.6 0.022
286 159.1 0.043
286 199.9 0.095
286 249.6 0.22
286 298.8 0.35
288 7.9 0.003
288 19.9 0.008
288 59 0.009
288 79.4 0.008
288 100.8 0.01
288 119.4 0.016
288 159.6 0.066
288 200.2 0.094
288 249.4 0.15
288 299.6 0.22
288 499.9 0.98
288 3 0.007
288 20.7 0.008
288 59.4 0.007
288 79.6 0.006
288 100.1 0.007
288 119.4 0.007
288 161.6 0.023
288 201.4 0.031
288 249.7 0.13
288 301.4 0.2
289 4.5 0.008
289 60.6 0.009
289 79.6 0.007
289 159.8 0.024
289 198.9 0.098
289 249.8 0.11
289 299.2 0.18
289 498.3 0.58
290 99.7 0.005
290 119.9 0.017
290 159.8 0.031
290 201 0.085
290 298.9 0.09
290 499.7 0.15
290 3.8 0.008
290 20.3 0.015
290 59.5 0.01
290 79.1 0.011
290 100.9 0.011
290 121 0.011
290 159.4 0.028
290 200.1 0.1
290 251 0.14
290 300.5 0.12
291 4.6 0.009
291 20.3 0.01
291 58.8 0.011
291 79.1 0.016
291 99.2 0.02
291 119.8 0.081
291 158.5 0.121
291 199.8 0.166
291 250.6 0.19
291 299.9 0.2
271 79.6 0.013
271 99.7 0.046
271 119.9 0.064
271 149.8 0.104
271 199.8 0.144
271 299.9 0.18
271 450.7 0.31
271 6.2 0.024
271 38.6 0.014
272 4.5 0.008
272 20.8 0.01
272 39.7 0.013
272 79.8 0.005
272 99.3 0.01
272 119.6 0.055
272 150.3 0.118
272 202 0.161
272 301.1 0.2
272 400.7 0.32
273 5.2 0.006
273 20.2 0.006
273 40.2 0.008
273 80.6 0.028
273 100.5 0.154
273 121.1 0.316
273 151 0.341
273 199.5 0.444
273 300.3 0.97
273 420.2 1.09
273 5.9 0.003
273 60.4 0.015
273 69.7 0.055
273 80.4 0.151
273 99.6 0.301
273 120.6 0.351
273 199.6 0.595
273 299.3 1.45
273 499.8 1.6
275 5.2 0.006
275 20.6 0.002
275 39.7 0.005
275 60.1 0.004
275 80.5 0.004
275 100.3 0.008
275 119.4 0.041
275 150.1 0.068
275 200.9 0.129
275 300.4 0.17
275 440.2 0.24
275 5 0.004
275 20.7 0.003
275 39.1 0.002
275 79.9 0.003
275 100.3 0.001
275 119.7 0.026
275 150 0.044
275 199.4 0.106
275 300.1 0.15
275 439.9 0.25
277 120.6 0.002
277 149.3 0.036
277 200.1 0.117
277 300.7 0.17
277 441 0.28
277 120.5 0.008
277 151.5 0.051
277 200.9 0.11
277 301.2 0.18
277 440.8 0.27
278 150.6 0.008
278 199.8 0.026
278 281.5 0.11
278 401 0.2
279 150.1 0.045
279 201.3 0.088
279 301.7 0.17
280 119.8 0.001
280 151.1 0.036
280 199.6 0.103
280 302 0.28
282 4.4 0.024
282 20 0.011
282 38.9 0.012
282 79.1 0.01
282 99.6 0.012
282 119.6 0.013
282 149.7 0.012
282 201.3 0.027
282 303.5 0.18
282 402.5 0.46
282 5.1 0.008
282 19.9 0.012
282 39.6 0.011
282 78.9 0.008
282 100 0.008
282 119.7 0.009
282 149.2 0.016
282 199.8 0.065
282 300.2 0.18
282 400.3 0.36
283 5.3 0.009
283 19.9 0.01
283 40.4 0.01
283 79.7 0.01
283 100.4 0.01
283 119.3 0.009
283 149.3 0.019
283 200.1 0.098
283 298.8 0.2
283 400.3 0.36
283 6.2 0.009
283 41.4 0.01
283 80.1 0.01
283 101.5 0.01
283 151.2 0.028
283 199.4 0.056
283 300.6 0.17
283 400.3 0.25
284 5.9 0.009
284 39.2 0.01
284 79.6 0.012
284 99.9 0.024
284 119 0.013
284 148.8 0.037
284 197.6 0.09
284 299 0.27
284 400.2 0.36
285 5 0.007
285 19.2 0.015
285 40.2 0.008
285 79.3 0.009
285 100.1 0.009
285 150.4 0.017
285 199.2 0.062
285 301.2 0.1
285 400.5 0.19
285 4.9 0.01
285 19.5 0.009
285 40.5 0.01
285 80 0.011
285 99.3 0.011
285 118.9 0.03
285 149.5 0.056
285 200.1 0.108
285 301.9 0.24
285 5.6 0.013
285 19.8 0.014
285 40.6 0.012
285 80.7 0.011
285 100.7 0.013
285 149.8 0.07
285 200.1 0.085
285 301 0.2
285 399.3 0.23
286 6 0.011
286 19.3 0.014
286 40.1 0.011
286 80.2 0.014
286 100.1 0.017
286 149.6 0.05
286 200.3 0.11
286 299.6 0.2
286 399.9 0.27
286 5.1 0.012
286 20.4 0.014
286 40.7 0.013
286 80.1 0.014
286 100.8 0.025
286 150.5 0.055
286 200.3 0.095
286 301.2 0.13
286 400.7 0.18
272 119.6 0.058
272 148.3 0.073
272 202.4 0.046
272 300.7 0.13
272 399.3 0.22
272 98.5 0.003
272 120.4 0.014
272 147 0.008
272 200.1 0.102
272 302.6 0.2
272 499.9 0.37
273 299 0.2
274 100.6 0.003
274 119.9 0.024
274 149.7 0.056
274 202.7 0.083
274 299.8 0.19
274 400.4 0.27
274 199.8 0.082
275 150.9 0.018
275 201.3 0.061
275 301.1 0.19
275 400.9 0.26
275 80.6 0.002
275 201.4 0.03
275 300.5 0.18
275 400.8 0.3
275 39.2 0.01
275 300.5 0.17
275 400.8 0.33
276 100 0.002
276 125.2 0.004
276 149.6 0.004
276 200.4 0.03
276 300.7 0.2
276 399.7 0.32
277 3.5 0.011
277 49.2 0.003
277 79.9 0.002
277 100.7 0.001
277 121.3 0.002
277 150.7 0.009
277 201.5 0.03
277 301.1 0.28
277 400.5 0.57
279 4 0.002
279 20 0.003
279 40.4 0.002
279 79.9 0.006
279 100.7 0.004
279 120.6 0.007
279 151.3 0.021
279 200.5 0.114
279 300.4 0.33
279 400.6 0.63
280 3.7 0.01
280 19.3 0.004
280 40.6 0.003
280 79.2 0.004
280 100.9 0.003
280 119.1 0.006
280 150.4 0.004
280 202.4 0.041
280 298.8 0.32
280 402 0.56
281 3.2 0.002
281 19.7 0.002
281 40.2 0.002
281 78.9 0.004
281 99.7 0.008
281 118.9 0.003
281 149.7 0.007
281 200.1 0.037
281 299.7 0.25
281 399.6 0.3
285 3.3 0.003
285 20.2 0.006
285 41.3 0.004
285 80.1 0.003
285 100.3 0.006
285 121 0.012
285 150.3 0.092
285 199.8 0.135
285 300.6 0.27
285 401.7 0.34
270 3.4 0.002
270 19.6 0.003
270 39.6 0.005
270 81 0.017
270 101.5 0.027
270 119.4 0.018
270 151.1 0.038
270 3 0.002
270 19.2 0.002
270 39.9 0.002
270 80.4 0.006
270 101.1 0.003
270 119.9 0.014
270 149.8 0.224
271 3.7 0.002
271 18.3 0.003
271 41.4 0.002
271 78.7 0.009
271 99.7 0.018
271 117.2 0.046
271 150.5 0.052
272 19.9 0.003
272 40.4 0.002
272 80.8 0.002
272 101 0.002
272 120.4 0.014
272 150.2 0.055
272 39.5 0.004
272 80.1 0.001
272 100 0.001
272 120.1 0.003
272 150 0.008
273 2.8 0.004
273 20.1 0.004
273 40.2 0.004
273 81.2 0.004
273 101.4 0.004
273 120.9 0.005
273 139.8 0.007
274 39.8 0.001
274 80.2 0.001
274 120.4 0.001
274 140.1 0.004
274 39.7 0.001
274 100.5 0.002
275 3 0.002
275 19.1 0.001
275 40 0.003
275 79.7 0.001
275 100.3 0.004
275 119.1 0.002
275 139.6 0.004
275 3.9 0.003
275 20.1 0.003
275 40.2 0.001
275 80.3 0.002
275 103.2 0.003
275 120.3 0.004
275 148.9 0.006
279 19.7 0.003
279 80.4 0.003
279 100 0.004
279 150.9 0.012
280 119 0.002
280 150.5 0.004
280 99.6 0.01
280 120.2 0.001
280 149 0.006
281 3.4 0.001
281 100.2 0.002
281 148.7 0.002
282 119.3 0.008
282 150.5 0.056
283 78.4 0.001
283 119.7 0.002
283 150.4 0.012
283 79.8 0.001
283 120 0.007
283 149.3 0.073
261 20.8 0.002
261 40.9 0.006
261 80.8 0.003
261 100.7 0.005
261 123 0.036
261 149.9 0.083
262 2.7 0.002
262 20.1 0.003
262 40.3 0.003
262 78.3 0.003
262 99.8 0.004
262 120 0.008
262 150.1 0.009
262 3.4 0.004
262 20.5 0.006
262 40.9 0.004
262 80 0.008
262 100.9 0.002
262 121.5 0.008
262 150.8 0.017
263 3.2 0.004
263 20.2 0.008
263 40.4 0.005
263 81.1 0.005
263 100.2 0.005
263 121 0.004
263 151.4 0.032
263 2.5 0.006
263 20 0.006
263 39.8 0.002
263 78.7 0.004
263 99.6 0.006
263 121.8 0.003
263 153.9 0.005
264 5.2 0.001
264 20.5 0.002
264 79.1 0.001
264 99.9 0.001
264 119.3 0.001
264 150.3 0.006
264 19.7 0.012
264 41.7 0.009
264 98.5 0.004
264 122.8 0.002
264 151.6 0.01
265 3.8 0.002
265 19.9 0.004
265 40.2 0.001
265 100 0.003
265 120.3 0.002
265 150.4 0.005
268 20.3 0.001
268 100.8 0.006
268 120.5 0.005
268 150.9 0.013
268 3.6 0.003
268 19.6 0.004
268 38.2 0.004
268 79.9 0.005
268 100.1 0.008
268 118.9 0.001
268 149.3 0.003
269 3.6 0.001
269 81.1 0.003
270 2.7 0.001
270 20.2 0.002
270 40.5 0.001
270 101.4 0.002
270 119.7 0.005
270 150.1 0.003
271 3.8 0.002
271 19.3 0.004
271 40.1 0.003
271 80.5 0.002
271 121.7 0.031
271 152.5 0.064
274 80.2 0.002
274 99 0.004
274 118.5 0.036
274 151.9 0.043
274 4.6 0.003
274 99.3 0.001
274 118.1 0.012
274 149.3 0.014
275 98.8 0.001
275 119.6 0.008
275 150.1 0.029
276 147.4 0.002
276 80 0.002
276 99.8 0.002
276 150.5 0.005
277 20.3 0.001
277 80.7 0.001
277 149.9 0.005
278 146.1 0.009
278 80.8 0.003
278 149.4 0.005
279 150.3 0.004
279 150.4 0.002
280 20.4 0.003
280 79.1 0.001
280 4 0.001
280 150.3 0.001
281 20.1 0.001
281 79.4 0.002
281 99.9 0.001
281 151.9 0.001
281 19.4 0.003
281 100.6 0.005
281 120.8 0.001
281 149.8 0.004
282 3.8 0.001
282 19.4 0.004
282 40 0.004
282 149.5 0.012
