"DOY" "Depth" "POP"
290 3.9 0.01
290 19.2 0.013
290 38.6 0.01
290 60.7 0.012
290 80.4 0.014
290 99.3 0.014
290 118.4 0.01
290 148.8 0.006
290 201.2 0.005
290 303.3 0.004
290 397.5 0.004
290 4.5 0.009
290 20.5 0.01
290 40.3 0.011
290 58.5 0.013
290 79 0.012
290 99.6 0.01
290 120 0.008
290 150.2 0.005
290 199.5 0.005
290 280.1 0.004
290 400.5 0.003
290 4 0.008
290 20 0.007
290 39.9 0.009
290 58.4 0.019
290 79.2 0.012
290 100.7 0.01
290 117.9 0.009
290 150 0.006
290 199.2 0.005
290 299.7 0.004
290 399.7 0.002
291 4.3 0.008
291 20 0.009
291 39 0.009
291 61.5 0.013
291 80 0.011
291 101.6 0.012
291 121.3 0.006
291 151.5 0.005
291 202 0.004
291 281.5 0.004
291 401.4 0.004
291 4.9 0.008
291 20.1 0.008
291 39.3 0.008
291 59.8 0.008
291 80.4 0.01
291 99.7 0.011
291 118.8 0.01
291 148.2 0.007
291 198.6 0.005
291 300.3 0.004
291 398.4 0.003
291 499.3 0.003
291 4 0.009
291 20.7 0.008
291 39.8 0.009
291 60.1 0.01
291 80.3 0.012
291 100.5 0.011
291 119.8 0.008
291 150.8 0.006
291 280.5 0.005
291 401.1 0.004
291 498.5 0.003
292 4.9 0.009
292 19.6 0.008
292 39.3 0.008
292 59.5 0.011
292 79.6 0.012
292 99.8 0.01
292 120.9 0.009
292 149.1 0.006
292 199.7 0.006
292 149.3 0.007
292 200.3 0.006
292 249.8 0.005
292 400.8 0.004
292 4.3 0.009
292 19.1 0.011
292 39.1 0.012
292 59.3 0.01
292 79.2 0.013
292 99.3 0.012
292 119.4 0.01
292 149.5 0.005
292 199.7 0.008
292 280 0.003
292 399.1 0.005
293 4.9 0.011
293 19.8 0.009
293 40.6 0.01
293 60.4 0.008
293 80.1 0.008
293 100.4 0.009
293 119.6 0.01
293 150.1 0.006
293 200.4 0.005
293 300 0.004
293 399.7 0.003
293 4.8 0.006
293 20 0.008
293 39.3 0.009
293 58.9 0.009
293 79.2 0.007
293 100 0.01
293 119.9 0.008
293 150.1 0.007
293 199.9 0.003
293 299.9 0.002
293 399.8 0.002
293 4.2 0.012
293 20.7 0.009
293 40.5 0.009
293 59.9 0.009
293 80.5 0.011
293 99.8 0.011
293 119.2 0.011
293 150.2 0.007
293 200.4 0.004
293 339.5 0.002
293 400.7 0.002
293 499.5 0.002
294 4.3 0.012
294 20.1 0.011
294 59.3 0.013
294 79 0.013
294 120.4 0.008
294 150.6 0.006
294 200.2 0.004
294 299 0.003
294 401.3 0.002
299 2.6 0.008
299 19.2 0.007
299 40 0.009
299 59.9 0.013
299 80.1 0.011
299 101.2 0.01
299 120.3 0.008
299 149.6 0.004
299 197.6 0.003
299 299.3 0.004
300 3.9 0.007
300 19.3 0.007
300 40 0.016
300 60.6 0.011
300 80.7 0.011
300 100.4 0.009
300 120.5 0.007
300 150.4 0.005
300 201.4 0.004
300 299.4 0.005
301 3.2 0.007
301 20.2 0.004
301 41.4 0.006
301 59.7 0.008
301 80.3 0.008
301 100.9 0.008
301 120.8 0.009
301 149.6 0.005
301 199.9 0.002
301 248.7 0.003
301 300.8 0.002
302 2.9 0.008
302 20.8 0.009
302 39.7 0.01
302 60.3 0.012
302 80.4 0.012
302 99.5 0.01
302 119.2 0.008
302 150.9 0.006
302 200.2 0.003
302 249.9 0.002
302 298.7 0.003
304 2.9 0.01
304 19.5 0.016
304 40.2 0.007
304 60.3 0.013
304 77.6 0.008
304 100.5 0.008
304 119.8 0.008
304 150.5 0.005
304 200.4 0.003
304 299 0.002
289 4.4 0.009
289 19.1 0.008
289 40.6 0.009
289 60.6 0.012
289 83.9 0.008
289 100.3 0.006
289 121.4 0.005
289 201 0.003
289 300.3 0.002
290 3.3 0.008
290 20.3 0.008
290 40.4 0.008
290 61.1 0.012
290 81 0.012
290 100.1 0.009
290 119.7 0.007
290 139.4 0.005
290 201.5 0.003
290 302.3 0.004
291 3.5 0.006
291 20.1 0.006
291 40.7 0.006
291 59.6 0.011
291 76.8 0.01
291 100.1 0.006
291 120.5 0.006
291 140.1 0.005
291 198.7 0.002
291 301.1 0.002
291 3.4 0.007
291 19.9 0.006
291 41.1 0.007
291 61.6 0.01
291 80.7 0.011
291 98 0.009
291 119.3 0.008
291 139.1 0.005
291 300.4 0.002
291 2.1 0.007
291 21.1 0.007
291 40.7 0.006
291 60.6 0.008
291 81.1 0.009
291 100.3 0.007
291 121.2 0.006
291 141.4 0.005
291 199.2 0.003
292 2.7 0.005
292 19.3 0.005
292 40.1 0.006
292 59.9 0.009
292 80 0.009
292 99.4 0.008
292 119.9 0.008
292 139.7 0.005
292 199.5 0.003
292 300 0.002
292 3 0.006
292 20.1 0.006
292 40.8 0.006
292 60.5 0.006
292 81.3 0.009
292 99.9 0.009
292 120.1 0.006
292 139.8 0.008
292 200.5 0.003
292 302.4 0.002
293 3.6 0.005
293 18.6 0.004
293 39.8 0.007
293 58.4 0.008
293 80.4 0.009
293 111 0.009
293 121.2 0.01
293 138.1 0.006
293 199.1 0.004
293 299.9 0.003
294 4 0.008
294 18.2 0.007
294 39.1 0.008
294 60.3 0.01
294 78.8 0.007
294 99.2 0.002
294 118.2 0.008
294 139.3 0.009
294 200.5 0.003
294 300.2 0.002
294 3.1 0.013
294 20.4 0.013
294 40.3 0.008
294 60.5 0.01
294 79.3 0.011
294 98.8 0.01
294 120.2 0.007
294 141 0.007
294 200.8 0.004
294 299.4 0.004
297 3.2 0.011
297 19.9 0.009
297 40 0.007
297 58.2 0.01
297 78.9 0.008
297 99.1 0.007
297 119.7 0.008
297 139.1 0.007
297 199.5 0.004
297 299.7 0.004
297 499.8 0.002
298 4.2 0.008
298 19.4 0.007
298 39.9 0.007
298 60.4 0.007
298 79.4 0.01
298 101.1 0.008
298 139.2 0.006
298 199.4 0.004
298 299.7 0.003
292 3.8 0.009
292 20.1 0.008
292 48.9 0.01
292 80.7 0.008
292 100.2 0.005
292 120.6 0.004
292 140.3 0.002
292 200.9 0.003
292 301.8 0.002
292 400.8 0.002
292 3.5 0.009
292 19.6 0.008
292 49.8 0.012
292 78.9 0.017
292 99.2 0.012
292 119.3 0.005
292 138.9 0.004
292 199.1 0.002
292 300.4 0.002
292 399.8 0.002
293 5.1 0.01
293 20 0.01
293 48.5 0.009
293 80 0.015
293 100.3 0.008
293 119.8 0.005
293 140.3 0.003
293 200.8 0.004
293 301.2 0.003
293 400.2 0.002
293 3.2 0.007
293 19.6 0.009
293 48.4 0.008
293 79.4 0.009
293 99.2 0.005
293 120 0.011
293 139.2 0.003
293 200.5 0.002
293 300.2 0.002
293 400.3 0.001
294 5.3 0.007
294 20.1 0.007
294 49.9 0.007
294 80.3 0.008
294 100.7 0.008
294 121.9 0.004
294 138 0.003
294 199.8 0.002
294 300.4 0.001
294 400.2 0.002
294 3.6 0.006
294 18.7 0.006
294 50.2 0.005
294 82.1 0.007
294 100.6 0.007
294 120.5 0.006
294 139.7 0.003
294 201.1 0.001
294 301.2 0.002
294 403.1 0.001
295 9.6 0.005
295 50.2 0.006
295 80.3 0.006
295 100 0.008
295 119.7 0.007
295 140.1 0.004
295 200.5 0.002
295 299.8 0.001
295 401.2 0.002
295 9.7 0.005
295 49.1 0.005
295 78.9 0.007
295 99.4 0.007
295 118.6 0.008
295 139.4 0.005
295 199.9 0.002
295 249.2 0.002
295 300.1 0.002
295 9.6 0.006
295 48.1 0.008
295 80.1 0.006
295 99.5 0.007
295 118.3 0.006
295 140 0.004
295 200.9 0.005
295 300 0.002
295 399.3 0.002
295 499.6 0.003
296 10.1 0.005
296 49.9 0.005
296 80.3 0.006
296 100.4 0.006
296 120 0.006
296 140.6 0.004
296 200.9 0.002
296 301.9 0.003
296 402 0.002
296 9.7 0.005
296 51.1 0.006
296 81.5 0.007
296 99.8 0.007
296 121.3 0.007
296 139.1 0.004
296 200 0.002
296 300 0.001
296 399.6 0.002
297 10 0.006
297 50.6 0.006
297 80.1 0.007
297 99.6 0.007
297 120.6 0.004
297 140.2 0.003
297 199.3 0.001
297 250.7 0.001
297 300.4 0.001
297 499.4 0.001
297 8.4 0.009
297 49.8 0.007
297 79.7 0.011
297 99.9 0.004
297 120.4 0.011
297 138.8 0.005
297 198.8 0.001
303 119.6 0.006
303 202.6 0.001
303 297 0.003
303 400.9 0.002
303 497.7 0.002
304 3.7 0.01
304 49.5 0.011
304 86.8 0.012
304 100.4 0.007
304 140.3 0.005
304 199.3 0.003
304 299.9 0.003
304 6.2 0.012
304 50 0.007
304 84.5 0.006
304 100.1 0.004
304 99.6 0.005
304 119.8 0.003
304 200.3 0.003
304 300.2 0.002
304 399 0.003
305 5.6 0.014
305 49.7 0.013
305 78.5 0.015
305 96.2 0.008
305 119.5 0.005
305 138.8 0.006
305 198 0.005
305 297.5 0.004
306 6.8 0.02
306 49.3 0.021
306 99.8 0.01
306 139.5 0.006
306 198.9 0.003
306 299.7 0.002
306 499.1 0.002
271 3.9 0.01
271 19.1 0.009
271 39.7 0.01
271 79.9 0.012
271 99.9 0.006
271 119.8 0.004
271 140.4 0.003
271 160.3 0.003
271 199.9 0.003
271 249.5 0.002
271 299.5 0.004
272 5.1 0.009
272 19.6 0.012
272 59.4 0.014
272 80.6 0.007
272 99.2 0.006
272 119.6 0.005
272 159.4 0.003
272 199.5 0.003
272 251.8 0.002
272 300.7 0.004
272 300.6 0.002
273 6.1 0.018
273 20.8 0.018
273 59.4 0.018
273 79.2 0.007
273 99.9 0.004
273 120.2 0.003
273 141.3 0.003
273 158.8 0.003
273 200.2 0.002
273 251.1 0.003
273 301.1 0.002
274 5.9 0.008
274 8.8 0.009
274 21.4 0.008
274 40.1 0.009
274 61.2 0.013
274 80.7 0.007
274 98.6 0.007
274 119.5 0.004
274 138.6 0.002
274 159.7 0.003
274 198.6 0.004
278 4.6 0.009
278 19.8 0.009
278 39.3 0.012
278 79.2 0.01
278 101.2 0.005
278 119.9 0.005
278 140.8 0.004
278 159.7 0.004
278 201.2 0.003
278 250.7 0.001
278 300.5 0.002
279 5.1 0.009
279 20.9 0.008
279 60.8 0.008
279 79.5 0.007
279 99.7 0.006
279 119.8 0.005
279 140.3 0.002
279 160.7 0.004
279 200.8 0.004
279 249.5 0.002
279 302.8 0.006
282 6.1 0.007
282 19.5 0.007
282 59.8 0.009
282 78.4 0.01
282 100.2 0.008
282 119.1 0.007
282 139.7 0.005
282 159.4 0.003
282 199.4 0.003
282 248.9 0.002
282 299.5 0.002
282 499.9 0.002
283 5.4 0.007
283 19.1 0.007
283 59.4 0.007
283 79.6 0.003
283 100.4 0.007
283 119.2 0.005
283 140.1 0.004
283 158.3 0.003
283 200.9 0.003
283 248.7 0.002
283 300.2 0.003
284 6.4 0.005
284 18.9 0.008
284 58.8 0.007
284 80.7 0.007
284 99.4 0.008
284 119.8 0.006
284 139.1 0.008
284 161.1 0.011
284 201.1 0.004
284 248.8 0.003
284 299.6 0.003
285 9.3 0.013
285 59.2 0.02
285 79.6 0.018
285 100 0.012
285 120.5 0.008
285 139.5 0.005
285 299.7 0.002
285 499.8 0.001
286 4.8 0.011
286 20.2 0.011
286 59.1 0.007
286 80.5 0.01
286 99.2 0.008
286 118.9 0.006
286 140.5 0.005
286 158.8 0.004
286 199.9 0.003
286 299.6 0.002
286 5.1 0.009
286 20.4 0.01
286 59.8 0.013
286 80 0.011
286 99.8 0.013
286 119.8 0.005
286 139.3 0.004
286 158.8 0.003
286 199.8 0.003
286 249.6 0.002
286 298.8 0.002
288 7.9 0.013
288 20.1 0.017
288 59.4 0.021
288 79.7 0.016
288 100.8 0.015
288 119.4 0.01
288 159.6 0.006
288 200 0.004
288 249.7 0.002
288 299.6 0.003
288 499.9 0.002
288 3.1 0.012
288 20.8 0.013
288 59.6 0.012
288 80.1 0.011
288 100.7 0.01
288 119.5 0.009
288 162.2 0.005
288 201.4 0.005
288 249.8 0.003
288 301.4 0.004
289 4.7 0.007
289 20.2 0.007
289 60.6 0.01
289 79.3 0.011
289 99.6 0.012
289 120.3 0.008
289 159.3 0.005
289 198.9 0.005
289 249.9 0.002
289 299.2 0.002
289 498.3 0.002
290 5.6 0.008
290 20.2 0.01
290 59.7 0.011
290 79.9 0.01
290 100.3 0.011
290 120 0.007
290 160.3 0.004
290 199.9 0.006
290 249 0.004
290 298.9 0.004
290 499.7 0.003
290 4.2 0.015
290 20.3 0.013
290 58.7 0.015
290 79.8 0.012
290 101.6 0.013
290 120.6 0.011
290 159.6 0.005
290 200.3 0.004
290 250.9 0.003
290 300.5 0.003
291 4.6 0.012
291 20.6 0.012
291 58.7 0.006
291 78.8 0.011
291 98.9 0.011
291 120.3 0.005
291 158.3 0.004
291 199.6 0.003
291 249.8 0.003
291 299.9 0.003
271 79.6 0.012
271 99.7 0.007
271 119.9 0.004
271 149.8 0.002
271 199.8 0.003
271 299.9 0.002
271 6.2 0.008
271 38.6 0.007
272 4.6 0.013
272 20.7 0.011
272 39.6 0.015
272 79.6 0.012
272 99.7 0.009
272 119.7 0.006
272 202.4 0.004
272 300.7 0.003
273 5.3 0.021
273 20.1 0.012
273 40.2 0.014
273 80.3 0.017
273 100 0.011
273 120.6 0.005
273 150.6 0.004
273 199.3 0.003
273 300.2 0.003
273 199.6 0.015
273 5.9 0.018
273 60.6 0.018
273 69.8 0.009
273 80.5 0.007
273 99.5 0.005
273 120.2 0.003
275 4.9 0.007
275 20.5 0.008
275 39.7 0.009
275 60.3 0.014
275 80.4 0.011
275 100 0.01
275 119.4 0.006
275 149.8 0.005
275 200.7 0.003
275 300.1 0.002
275 5 0.007
275 20.6 0.008
275 39.2 0.008
275 80.2 0.009
275 100.6 0.011
275 120.1 0.009
275 150.1 0.005
275 200 0.004
275 300.3 0.003
276 5.1 0.007
276 99.5 0.01
277 5.3 0.006
277 39 0.013
277 79.4 0.01
277 99.7 0.01
277 120.5 0.005
277 149.4 0.004
277 199.7 0.002
277 5.9 0.011
277 40.6 0.006
277 80.4 0.01
277 100.4 0.009
277 120.6 0.006
277 150.3 0.005
277 200.5 0.003
277 300.8 0.002
277 5.3 0.006
277 120.5 0.008
278 5.7 0.008
278 79.6 0.005
278 101.4 0.011
278 120.8 0.01
278 150.6 0.011
278 199.7 0.009
278 281.5 0.007
278 40.3 0.015
278 5.7 0.003
278 119.8 0.008
279 6.4 0.007
279 40 0.011
279 79.4 0.013
279 101.2 0.009
279 121.3 0.007
279 149.7 0.007
279 200.9 0.004
279 401.6 0.001
279 5.6 0.015
279 120.1 0.014
280 5.7 0.024
280 41.1 0.008
280 79.5 0.011
280 151 0.004
280 199.9 0.004
282 38.8 0.009
282 78.9 0.01
282 99.6 0.009
282 119.6 0.01
282 149.9 0.005
282 201.4 0.002
282 302.9 0.001
282 5.2 0.005
282 20.1 0.007
282 39.4 0.007
282 78.5 0.01
282 100.1 0.009
282 119.5 0.008
282 149.5 0.004
282 199.5 0.002
283 5 0.005
283 40.2 0.008
283 79.3 0.011
283 100.6 0.009
283 119.4 0.008
283 149.4 0.006
283 200.1 0.003
283 6.1 0.006
283 21 0.007
283 41.5 0.007
283 79.5 0.008
283 101.5 0.007
283 119.8 0.009
283 150.7 0.005
283 199.5 0.003
284 6.2 0.006
284 40 0.006
284 79.7 0.01
284 99.8 0.011
284 119.5 0.008
284 149.2 0.005
284 197.8 0.003
285 5 0.006
285 39.8 0.006
285 79.1 0.012
285 100.2 0.008
285 119.8 0.01
285 149.8 0.006
285 199.8 0.004
285 4.7 0.008
285 39.5 0.011
285 79.9 0.01
285 99.2 0.009
285 149.8 0.004
285 200.2 0.003
285 301.9 0.002
285 5.6 0.007
285 40.5 0.007
285 80.4 0.009
285 100.4 0.004
285 150 0.006
285 200 0.004
285 301.3 0.003
286 6 0.015
286 39.9 0.002
286 80.5 0.012
286 100.7 0.009
286 199.7 0.008
286 5.2 0.007
286 40.9 0.009
286 80.1 0.007
286 100.8 0.007
286 150.3 0.003
286 200.1 0.004
286 301 0.001
272 5.7 0.008
272 19.5 0.006
272 39.2 0.008
272 80.3 0.009
272 98.3 0.007
272 119.6 0.004
272 148.3 0.003
272 202.4 0.003
272 300.7 0.002
272 5.4 0.008
272 20.3 0.007
272 39.4 0.009
272 78 0.011
272 98.8 0.005
272 119.6 0.004
272 148.6 0.003
272 199.8 0.005
273 4.3 0.008
273 14.5 0.009
273 24.9 0.009
273 44.8 0.007
273 73.9 0.013
273 100.6 0.005
273 149.5 0.005
274 4.8 0.012
274 20.3 0.01
274 40.8 0.011
274 79.8 0.009
274 100.8 0.005
274 119.5 0.004
274 201 0.003
274 3.2 0.007
274 14.6 0.006
274 29.9 0.008
274 50.5 0.009
274 70.6 0.008
274 103.5 0.006
274 199.8 0.002
275 5 0.007
275 21 0.005
275 40.1 0.008
275 80.9 0.007
275 100 0.006
275 121 0.007
275 151.2 0.003
275 200.2 0.003
275 3.6 0.006
275 29.3 0.005
275 50.7 0.01
275 100.6 0.005
275 120.1 0.005
275 150.7 0.004
275 201.4 0.002
275 3 0.007
275 20.1 0.006
275 39.4 0.007
275 80.9 0.009
275 100.8 0.006
275 120.9 0.008
275 149.6 0.005
275 201 0.003
276 3.1 0.006
276 29.4 0.006
276 49.2 0.008
276 79.3 0.006
276 100 0.005
276 125.2 0.004
276 149.6 0.004
276 200.4 0.002
277 3.5 0.008
277 30.5 0.007
277 49.2 0.007
277 79.9 0.005
277 100.7 0.007
277 121.3 0.007
277 150.7 0.004
277 201.5 0.001
279 3.6 0.011
279 19.7 0.005
279 40.8 0.009
279 79.9 0.01
279 100.6 0.01
279 120.4 0.009
279 150.8 0.006
279 200.5 0.003
279 300.4 0.003
280 3.8 0.017
280 19.2 0.009
280 40.6 0.011
280 78.9 0.011
280 119 0.009
280 150.3 0.007
280 202.4 0.003
280 298.8 0.002
281 3.1 0.007
281 19.9 0.009
281 39.8 0.007
281 78.6 0.01
281 99.4 0.006
281 119.1 0.007
281 149.7 0.004
281 200.1 0.001
281 299.7 0.002
285 2.8 0.008
285 20.1 0.008
285 41.3 0.011
285 80.2 0.011
285 100.7 0.009
285 120.8 0.007
285 150.7 0.004
285 199.8 0.004
285 300.6 0.002
270 3.3 0.011
270 39.6 0.014
270 80.7 0.013
270 101.1 0.015
270 119.6 0.009
270 150.4 0.008
270 200.6 0.006
270 300 0.004
270 2.9 0.009
270 39.9 0.008
270 79.2 0.013
270 100.2 0.014
270 119.2 0.007
270 149.6 0.004
270 201 0.004
270 346.2 0.002
271 3 0.011
271 40.6 0.01
271 78.6 0.013
271 99.9 0.007
271 118.1 0.005
271 149.7 0.004
271 200.1 0.003
271 300.7 0.003
272 3.8 0.005
272 40.2 0.007
272 80.9 0.007
272 100.7 0.007
272 120.1 0.004
272 150.5 0.002
272 198.7 0.002
272 301.8 0.002
272 4 0.005
272 39.9 0.006
272 80 0.006
272 99.8 0.009
272 120 0.005
272 150.5 0.003
272 199.7 0.002
272 300.8 0.001
273 2.7 0.005
273 40.2 0.009
273 81 0.006
273 108.3 0.006
273 120.5 0.005
273 139.5 0.004
273 200.1 0.002
273 319.9 0.002
274 4.4 0.005
274 39.4 0.005
274 79.9 0.008
274 100.4 0.008
274 120.6 0.007
274 139.8 0.005
274 196.4 0.003
274 301.1 0.002
274 4.1 0.005
274 39.7 0.006
274 78.6 0.007
274 100.4 0.007
274 119.2 0.006
274 149.1 0.004
274 200.3 0.003
274 300.5 0.003
275 3 0.005
275 39.9 0.005
275 79.7 0.008
275 100.1 0.006
275 119.1 0.005
275 139.3 0.004
275 199.5 0.003
275 299.5 0.002
275 3.8 0.006
275 40.1 0.005
275 80.5 0.005
275 102.5 0.008
275 120.4 0.005
275 149.4 0.003
275 200.8 0.002
275 299.8 0.002
279 3.5 0.01
279 40.3 0.005
279 79.7 0.006
279 100.1 0.008
279 119.7 0.007
279 150.9 0.004
279 200.8 0.003
279 301.4 0.002
280 3.8 0.009
280 39.8 0.007
280 79.6 0.009
280 99.8 0.008
280 119.1 0.009
280 150.7 0.007
280 199.1 0.003
280 298.9 0.001
280 4 0.008
280 38.8 0.006
280 81 0.007
280 99.7 0.005
280 120.2 0.009
280 148.3 0.004
280 199.8 0.002
280 301.3 0.002
281 3.6 0.005
281 39.4 0.005
281 79.4 0.009
281 99.5 0.009
281 118.8 0.007
281 148.8 0.005
281 199.1 0.003
281 299.4 0.002
282 3.8 0.007
282 39.9 0.01
282 79.5 0.01
282 100.2 0.011
282 119.7 0.008
282 150.5 0.004
282 200.4 0.003
282 299.8 0.002
283 3.8 0.007
283 39.2 0.009
283 79.2 0.009
283 98.2 0.012
283 119.6 0.008
283 150.4 0.004
283 198.6 0.004
283 300.5 0.002
283 3.2 0.007
283 40.6 0.011
283 79.6 0.009
283 99.4 0.008
283 120.1 0.007
283 149.9 0.003
283 201 0.003
283 299.4 0.002
261 5.3 0.008
261 40.7 0.009
261 80.6 0.008
261 100.7 0.007
261 121.7 0.007
261 150.1 0.002
261 251.6 0.002
261 300.8 0.003
262 2.8 0.006
262 39.7 0.011
262 78.4 0.01
262 99.2 0.007
262 120.4 0.006
262 150.1 0.003
262 200.2 0.003
262 300.6 0.001
262 3.8 0.004
262 41.3 0.008
262 80.4 0.011
262 100.6 0.007
262 121.5 0.004
262 150.5 0.004
262 200 0.003
262 300.2 0.002
263 3.1 0.004
263 40.6 0.008
263 80.3 0.007
263 101 0.01
263 120.1 0.007
263 151.1 0.004
263 200 0.003
263 302.9 0.002
263 2.7 0.005
263 39.8 0.005
263 78.6 0.006
263 100.4 0.007
263 152.4 0.004
263 200.1 0.003
263 300.1 0.002
264 5.3 0.004
264 40.8 0.005
264 79.4 0.007
264 100.1 0.006
264 119.8 0.004
264 150 0.004
264 200.6 0.003
264 299.7 0.002
264 2.1 0.007
264 41.5 0.005
264 79.5 0.007
264 99 0.006
264 122.4 0.006
264 150.2 0.004
264 199.7 0.003
264 298.3 0.001
265 3.5 0.006
265 40 0.006
265 80.3 0.007
265 100.4 0.006
265 119.8 0.007
265 150.6 0.004
265 200 0.002
265 300.3 0.003
268 3.6 0.008
268 39.2 0.008
268 80.1 0.008
268 100 0.008
268 120.6 0.007
268 150.2 0.003
268 200 0.002
268 300.6 0.001
268 19.6 0.007
268 79.9 0.007
268 119.9 0.006
268 149.3 0.003
268 200.9 0.002
268 298.5 0.003
268 399.2 0.002
269 3.3 0.008
269 41.3 0.007
269 81.1 0.009
269 100.8 0.008
269 151 0.007
269 201.3 0.004
269 301.4 0.002
270 3 0.005
270 40.5 0.004
270 80.2 0.007
270 101.3 0.007
270 119.8 0.009
270 149.9 0.003
270 200.7 0.002
270 300.2 0.001
271 3.6 0.005
271 39.2 0.008
271 80 0.011
271 99.7 0.007
271 121 0.007
271 151.1 0.002
271 305.4 0.001
271 396.8 0.001
