"DOY" "Depth" "Chl"
295 1 0.048
295 10 0.048
295 25 0.059
295 50 0.062
295 100 0.134
295 150 0.047
295 200 0.012
295 225 0.008
295 250 0.007
295 300 0.007
295 400 0.007
328 3.9 0.084
328 10.9 0.043
328 25.8 0.047
328 51.8 0.049
328 99.7 0.17
328 153.4 0.039
328 200.1 0.008
328 250.1 0.008
354 2.1 0.095
354 17.1 0.114
354 32.1 0.089
354 57.3 0.093
354 81.8 0.122
354 107 0.11
354 131.9 0.045
354 157.2 0.037
354 181.1 0.015
354 207 0.009
354 230.8 0.007
354 261 0.007
28 2.4 0.094
28 5.5 0.094
28 19.7 0.097
28 42.9 0.091
28 63.6 0.095
28 83.1 0.088
51 4.3 0.203
51 16.6 0.231
51 27.6 0.324
51 32.2 0.437
51 37.2 0.502
51 53.1 0.592
51 93 0.171
51 105.4 0.138
51 156.2 0.044
51 179.8 0.026
51 206.8 0.02
51 308.3 0.011
84 4.5 0.051
84 16 0.057
84 26.5 0.057
84 33 0.058
84 54.5 0.095
84 71.6 0.183
84 81.2 0.437
84 91.3 0.496
84 102.6 0.477
84 150.4 0.048
84 201.2 0.02
84 254.3 0.012
108 6.3 0.065
108 18.9 0.066
108 33.3 0.075
108 49.9 0.109
108 70.3 0.199
108 80.7 0.436
108 88.3 0.56
108 105.8 0.356
108 115 0.217
108 149.8 0.038
108 199.8 0.011
108 249.7 0.008
137 1.6 0.038
137 12.2 0.039
137 21.5 0.045
137 39.4 0.061
137 66.9 0.16
137 85.1 0.468
137 97.7 0.18
137 107.7 0.098
137 141.1 0.021
137 174.9 0.009
137 222.9 0.008
137 248.5 0.008
173 4.2 0.029
173 16.3 0.031
173 25.2 0.032
173 38.4 0.05
173 53.8 0.069
173 66.1 0.091
173 84.8 0.146
173 98.2 0.257
173 111.9 0.318
173 148.1 0.111
173 199.3 0.021
173 250.5 0.011
201 0.9 0.033
201 25 0.037
201 75.7 0.092
201 91.2 0.169
201 99.9 0.245
201 107.3 0.224
201 116.9 0.206
201 123.4 0.184
201 126 0.174
201 135.4 0.148
201 150.5 0.108
201 190.3 0.014
229 1 0.033
229 20 0.042
229 40 0.053
229 60 0.079
229 70 0.094
229 90 0.242
229 100 0.235
229 120 0.134
229 150 0.035
229 200 0.01
229 250 0.008
293 2.8 0.122
293 5.6 0.13
293 26.6 0.057
293 51.1 0.083
293 74.5 0.185
293 85.3 0.233
293 90.2 0.277
293 101.6 0.248
293 116.8 0.185
293 151.3 0.086
293 200.9 0.017
293 250.7 0.008
332 2.7 0.12
332 9.9 0.121
332 20.1 0.119
332 41.4 0.123
332 61.5 0.122
332 81.1 0.124
332 90.2 0.273
332 100.6 0.297
332 120.9 0.085
332 139.9 0.044
332 175.8 0.018
332 227 0.012
353 2.3 0.153
353 20.7 0.165
353 40.2 0.165
353 60.3 0.174
353 90 0.179
353 100.2 0.208
353 108.1 0.189
353 119.8 0.198
353 139.7 0.101
353 168.9 0.032
353 199.2 0.02
353 250.8 0.019
17 2.6 0.079
17 19.6 0.075
17 40.1 0.08
17 60.7 0.078
17 80.1 0.109
17 90.4 0.132
17 99.8 0.118
17 120.3 0.104
17 139.5 0.066
17 161.5 0.026
17 200 0.008
17 250.1 0.011
31 0.7 0.048
31 18.7 0.048
31 39.6 0.057
31 58 0.085
31 79 0.097
31 98.9 0.158
31 109.5 0.182
31 136.8 0.077
31 160.5 0.051
31 201.2 0.016
31 250 0.003
47 2 0.095
47 21 0.1
47 41 0.115
47 61 0.129
47 82 0.127
47 102 0.136
47 122 0.136
47 132 0.126
47 142 0.112
47 162 0.09
47 202 0.019
47 222 0.005
53 1 0.118
53 20 0.116
53 41.2 0.13
53 61.8 0.117
53 72.1 0.124
53 82.4 0.127
53 103 0.141
53 123.6 0.133
53 144.2 0.137
53 164.8 0.061
53 206 0.023
53 257.5 0.011
60 1.7 0.113
60 20.4 0.113
60 40.9 0.126
60 59.9 0.126
60 80.5 0.13
60 90.5 0.131
60 100.4 0.131
60 120.9 0.137
60 142 0.114
60 161.3 0.039
60 201.6 0.02
60 252.7 0.006
72 2 0.104
72 10 0.103
72 30.2 0.116
72 49.1 0.186
72 59.3 0.164
72 65.4 0.211
72 72 0.232
72 80.7 0.242
72 99.9 0.212
72 121.7 0.057
72 201.2 0.013
72 250.4 0.011
92 0.6 0.081
92 18.5 0.128
92 38.6 0.162
92 40 0.22
92 59.2 0.467
92 80.9 0.352
92 89.2 0.284
92 100.5 0.173
92 120.9 0.068
92 158.9 0.036
92 200.2 0.016
92 248.4 0.017
108 1.7 0.085
108 11.3 0.095
108 20.5 0.086
108 27.3 0.112
108 49.5 0.205
108 70.4 0.34
108 79.6 0.218
108 90.3 0.026
108 101 0.052
108 151.7 0.035
108 182.2 0.044
108 252.2 0.005
129 1.6 0.033
129 19.7 0.033
129 39.8 0.041
129 58.3 0.077
129 79.5 0.12
129 102.6 0.158
129 111.7 0.17
129 141.5 0.057
129 162 0.009
129 180.9 0.003
129 200.6 0.001
173 1.3 0.024
173 10.5 0.03
173 19.9 0.024
173 40.2 0.043
173 59.8 0.085
173 79.6 0.109
173 100.4 0.216
173 108.9 0.146
173 141.1 0.055
173 160.1 0.016
173 199.6 0.002
173 251 0.001
199 3.2 0.024
199 11.3 0.034
199 41.4 0.093
199 60.5 0.058
199 80.9 0.054
199 101.2 0.132
199 121.7 0.054
199 140.2 0.049
199 160.1 0.009
199 190.2 0.001
199 251.4 0.001
226 1.7 0.02
226 9.8 0.035
226 21.6 0.019
226 38.9 0.028
226 59.2 0.041
226 69.6 0.051
226 91 0.082
226 104.4 0.115
226 117.5 0.162
226 150.5 0.038
226 198 0.012
254 2.9 0.021
254 9.5 0.024
254 19.3 0.024
254 39.9 0.042
254 60.1 0.062
254 85.4 0.093
254 110.6 0.116
254 112.7 0.1
254 122.3 0.082
254 143.1 0.024
254 199.6 0.004
254 251 0.001
288 2.3 0.04
288 9.4 0.038
288 23.1 0.045
288 49.1 0.077
288 69.2 0.101
288 79.7 0.115
288 101.6 0.116
288 119.5 0.074
288 139.6 0.033
288 160.7 0.019
288 201 0.003
309 2.1 0.063
309 10.2 0.063
309 20.6 0.061
309 40.3 0.079
309 71.1 0.201
309 82.7 0.209
309 100.2 0.162
309 121.7 0.069
309 140 0.038
309 159.6 0.019
309 199.8 0.003
309 250.9 0.001
338 2 0.049
338 10.1 0.054
338 19.3 0.068
338 39.6 0.109
338 70.2 0.147
338 81.7 0.15
338 99.6 0.132
338 120.7 0.052
338 140.6 0.012
338 162.2 0.002
15 3.1 0.146
15 10.4 0.099
15 20.3 0.155
15 40.7 0.189
15 89.8 0.129
15 101.2 0.082
15 109.3 0.056
15 142.1 0.017
15 151 0.007
15 170.3 0.003
15 199.9 0.001
15 250.6 0.002
42 2.4 0.102
42 9.7 0.094
42 19.9 0.102
42 39.8 0.108
42 50.5 0.135
42 70.1 0.175
42 99.6 0.135
42 122 0.102
42 148.9 0.03
42 184.7 0.007
42 199.2 0.007
42 248.9 0.001
51 1.4 0.137
51 9.5 0.12
51 18.5 0.161
51 39.4 0.164
51 91.6 0.175
51 99.2 0.204
51 110.6 0.137
51 139.7 0.149
51 149.3 0.114
51 171.9 0.11
51 200.8 0.025
51 252.2 0.003
73 1 0.134
73 20 0.105
73 40 0.137
73 60 0.137
73 80 0.155
73 100 0.082
73 120 0.12
73 140 0.085
80 9.1 0.206
80 20.5 0.181
80 39.2 0.181
80 58.4 0.148
80 81.3 0.148
80 99.7 0.157
80 120.3 0.172
80 151.4 0.181
80 169.8 0.105
80 200.1 0.011
80 247.4 0.004
95 0.9 0.134
95 9.4 0.174
95 21.2 0.239
95 39.4 0.206
95 59.3 0.247
95 79.5 0.206
95 99.4 0.255
95 120.9 0.148
95 152.1 0.123
95 170.3 0.094
95 200.1 0.026
95 252.3 0.015
106 2 0.082
106 19.8 0.137
106 41.3 0.167
106 49.9 0.233
106 59.4 0.23
106 79.3 0.247
106 90.2 0.172
106 99.4 0.189
106 123.7 0.088
106 148.8 0.076
106 199.1 0.008
106 251.7 0.002
133 1.8 0.034
133 9.5 0.037
133 19.9 0.06
133 47.5 0.12
133 80.9 0.288
133 88.6 0.111
133 99.4 0.091
133 119.7 0.041
133 140.8 0.013
133 161.9 0.018
133 202.4 0.011
133 251.1 0.01
170 4.4 0.024
170 9.5 0.024
170 29.6 0.037
170 50.2 0.126
170 73.1 0.135
170 90 0.247
170 107.6 0.132
170 120.4 0.076
170 139.7 0.018
170 157.7 0.004
170 203.5 0.002
170 253.4 0.001
196 0.6 0.022
196 10.3 0.02
196 21.7 0.041
196 40.5 0.035
196 59.4 0.175
196 80.9 0.618
196 100.2 0.363
196 120.8 0.231
196 140.7 0.053
196 170.3 0.039
196 203 0.005
196 250.7 0.005
224 0.5 0.021
224 11.3 0.021
224 20.2 0.02
224 40.2 0.024
224 61 0.108
224 79.9 0.047
224 99.6 0.289
224 120.4 0.346
224 140 0.172
224 160.8 0.036
224 200.3 0.002
224 253.1 0.001
255 3.2 0.091
255 18.3 0.081
255 40.2 0.088
255 62.2 0.132
255 80 0.224
255 100.9 0.146
255 108.6 0.241
255 118.1 0.204
255 140.3 0.116
255 159.2 0.069
255 205 0.007
255 251.4 0.001
280 20.4 0.017
280 39.5 0.042
280 59.4 0.106
280 80 0.163
280 100.9 0.143
280 120.9 0.109
280 138.4 0.087
280 155.4 0.041
280 196.8 0.018
280 252.6 0.052
315 4.3 0.02
315 10.3 0.057
315 22.1 0.028
315 40.4 0.057
315 60.2 0.099
315 80.2 0.147
315 99.5 0.177
315 120.2 0.079
315 141.3 0.06
315 161.5 0.009
315 200.2 0.001
315 251.5 0.001
343 1.5 0.061
343 10.5 0.069
343 19.7 0.061
343 38.5 0.084
343 60.9 0.071
343 79.7 0.099
343 98.9 0.143
343 120.3 0.053
343 139.4 0.053
343 159.4 0.018
343 199.5 0.005
9 3.4 0.266
9 19.1 0.283
9 38.3 0.284
9 59.6 0.246
9 79.9 0.145
9 98.8 0.272
9 110.5 0.22
9 119.7 0.147
9 141.8 0.017
9 158.8 0.007
9 199.7 0.002
9 252.6 0.001
28 1.9 0.223
28 18.3 0.215
28 37.7 0.238
28 60.2 0.211
28 79.8 0.204
28 100 0.219
28 119.5 0.151
28 139.5 0.235
28 159.7 0.185
28 201.3 0.068
28 219.2 0.002
28 250.1 0.001
44 1.4 0.302
44 19.5 0.322
44 41.5 0.322
44 61.3 0.302
44 81.8 0.293
44 102.7 0.253
44 112 0.173
44 122 0.211
44 142.1 0.106
44 162.1 0.084
44 204.4 0.038
44 250.3 0.002
56 1.5 0.173
56 19.8 0.181
56 40.8 0.173
56 61.6 0.091
56 81.4 0.046
56 101.1 0.025
56 120.3 0.041
56 140.7 0.036
56 161.6 0.036
56 201.2 0.025
56 230.7 0.018
56 250.3 0.006
70 1.6 0.113
70 17.9 0.109
70 40.8 0.143
70 62.1 0.227
70 80.5 0.181
70 101.7 0.181
70 111.7 0.113
70 120.2 0.068
70 139.7 0.053
70 160.9 0.024
70 201 0.006
70 251.2 0.004
79 4.4 0.197
79 19.9 0.197
79 40 0.219
79 59.9 0.068
79 80.1 0.03
79 98.8 0.023
79 109.6 0.023
79 120.5 0.025
79 140.6 0.009
79 162.1 0.005
79 202.1 0.002
79 250.7 0.001
103 2.4 0.133
103 20.4 0.151
103 39.6 0.227
103 60.2 0.433
103 79.5 0.113
103 100.3 0.174
103 110 0.284
103 119 0.274
103 138.9 0.265
103 160 0.265
103 199.7 0.171
103 251 0.002
112 2.6 0.058
112 20.9 0.055
112 39.5 0.07
112 61.5 0.121
112 83.1 0.236
112 100.5 0.161
112 113.4 0.073
112 117.4 0.07
112 118.6 0.042
112 159.9 0.017
112 202.1 0.016
112 250.6 0.002
126 0.9 0.025
126 20.6 0.023
126 41.2 0.033
126 60.8 0.129
126 79.8 0.395
126 100.6 0.406
126 119.6 0.379
126 142.6 0.208
126 160.7 0.08
126 205.9 0.016
126 253.9 0.003
140 5.1 0.042
140 19.8 0.058
140 40.2 0.058
140 59.4 0.095
140 80.6 0.255
140 90.8 0.298
140 99.4 0.189
140 118.9 0.085
140 140 0.066
140 158.4 0.016
140 199.6 0.007
140 251.4 0.007
169 2.7 0.041
169 19.2 0.067
169 40.7 0.057
169 62.8 0.104
169 80.5 0.31
169 90.9 0.188
169 100.5 0.111
169 120 0.057
169 140.5 0.005
169 158.8 0.002
169 201.4 0.002
169 253.3 0.001
196 1.4 0.034
196 18.7 0.032
196 38.6 0.045
196 49.1 0.079
196 59.6 0.071
196 78.8 0.12
196 99.7 0.177
196 121.1 0.167
196 141.8 0.078
196 200.5 0.008
196 252.1 0.001
231 1.9 0.043
231 9.1 0.044
231 30 0.062
231 40.4 0.066
231 51 0.062
231 62.1 0.093
231 70.8 0.091
231 79.7 0.13
231 123.7 0.174
231 162.6 0.056
231 248.6 0.005
259 2.2 0.055
259 21.2 0.035
259 40.3 0.053
259 50.2 0.105
259 60.8 0.208
259 80.1 0.452
259 98.4 0.295
259 123 0.229
259 137.7 0.065
259 159.2 0.063
259 199.1 0.035
259 251.7 0.016
288 198.8 0.01
288 159.3 0.008
288 139.9 0.021
288 119.9 0.047
288 99.8 0.076
288 80.7 0.208
288 59.7 0.142
288 50.7 0.064
288 40.7 0.073
288 19.7 0.07
288 1.9 0.055
317 201.7 0.01
317 160.5 0.039
317 140 0.068
317 118.7 0.088
317 98.6 0.253
317 88.1 0.156
317 81 0.107
317 61.5 0.098
317 38.8 0.088
317 19.3 0.098
317 2 0.098
342 160.1 0.019
342 140.4 0.029
342 123.3 0.058
342 99.1 0.117
342 91.2 0.185
342 81.4 0.097
342 60 0.234
342 39.7 0.253
342 20.7 0.244
342 2.5 0.253
12 160.3 0.01
12 121.4 0.039
12 100.7 0.097
12 80.6 0.185
12 70.4 0.156
12 50.3 0.175
12 41.2 0.136
12 21.1 0.175
12 11.2 0.107
12 0.9 0.117
25 199.3 0
25 159.1 0.029
25 137.9 0.049
25 131.4 0.058
25 120.8 0.068
25 101.7 0.195
25 81.5 0.205
25 61.7 0.175
25 41.9 0.156
25 20.1 0.136
25 2.2 0.136
40 161.7 0.01
40 140.2 0.019
40 121.9 0.097
40 101.9 0.244
40 81.2 0.312
40 62.5 0.341
40 42.3 0.283
40 20.5 0.283
40 11 0.283
40 1.9 0.273
56 196 0.019
56 158.2 0.312
56 139.2 0.39
56 98.2 0.283
56 90.3 0.4
56 79.2 0.39
56 42.8 0.4
56 18.9 0.37
56 4.1 0.39
69 201.2 0.01
69 157.1 0.058
69 149.4 0.078
69 130.8 0.205
69 119.9 0.263
69 101.8 0.273
69 83 0.331
69 61.6 0.351
69 41.5 0.312
69 21.7 0.302
69 2.8 0.273
89 200 0.01
89 160.5 0.029
89 141.6 0.078
89 121.9 0.175
89 101.2 0.312
89 81.1 0.244
89 60.8 0.195
89 40.1 0.097
89 21.4 0.068
89 10.9 0.068
89 3.3 0.068
104 203.6 0.01
104 153.1 0.097
104 101.7 0.224
104 89.9 0.156
104 80.1 0.117
104 69.3 0.088
104 57.2 0.068
104 50.1 0.068
104 21.3 0.068
104 11.7 0.068
104 6.1 0.068
117 253.5 0.01
117 201.8 0.01
117 160.9 0.019
117 141.4 0.039
117 120.4 0.107
117 100.7 0.214
117 80.6 0.419
117 61.6 0.253
117 55.2 0.224
117 39.8 0.156
117 20 0.146
117 3.6 0.136
129 245.7 0.01
129 193.7 0.01
129 148 0.019
129 97.1 0.575
129 87.4 0.39
129 77.7 0.283
129 68.1 0.858
129 57.9 0.458
129 48.2 0.224
129 20 0.088
129 10.4 0.107
129 3.6 0.098
166 4.7 0.049
166 11 0.049
166 20.6 0.049
166 40.7 0.068
166 60.4 0.136
166 80.9 0.253
166 102.1 0.283
166 120.1 0.185
166 162 0.019
166 201.8 0.01
194 1.5 0.039
194 11 0.039
194 20.1 0.039
194 41 0.049
194 60.3 0.078
194 80.9 0.136
194 100.3 0.205
194 121.5 0.283
194 140.8 0.097
194 161.5 0.068
194 201.2 0.019
230 1.9 0.059
230 10.4 0.059
230 20.2 0.068
230 40.6 0.068
230 61.3 0.117
230 81.4 0.137
230 100.6 0.156
230 120.1 0.136
230 143.2 0.078
230 160.7 0.058
230 200.8 0.019
257 2.1 0.049
257 20.5 0.078
257 39.7 0.098
257 59.9 0.127
257 80.5 0.185
257 100.4 0.283
257 120.3 0.136
257 141.8 0.088
257 159.7 0.039
285 1.9 0.078
285 11.1 0.098
285 20.2 0.098
285 41.3 0.137
285 51.4 0.185
285 75.9 0.214
285 90.9 0.175
285 120.2 0.049
285 139.5 0.049
285 159.9 0.019
313 1.8 0.049
313 10.9 0.059
313 21 0.059
313 40.8 0.068
313 60.7 0.117
313 79.6 0.185
313 100.5 0.185
313 119.9 0.146
313 139.6 0.078
313 160.3 0.039
313 200.2 0.019
341 2.2 0.039
341 10 0.039
341 20.9 0.049
341 41.5 0.049
341 58.9 0.088
341 80.1 0.136
341 99.7 0.068
341 120 0.078
341 139.9 0.029
341 159.2 0.01
341 198.6 0
12 2.2 0.127
12 10.2 0.107
12 20.5 0.117
12 39.9 0.156
12 60.3 0.117
12 79.7 0.127
12 100.4 0.166
12 120.2 0.107
12 140 0.058
12 160.8 0.029
12 200.4 0.01
49 1.7 0.136
49 10.1 0.185
49 20.6 0.166
49 40.2 0.263
49 59.7 0.282
49 80.3 0.214
49 99.5 0.214
49 119.6 0.049
49 140.3 0.039
49 158.8 0.029
49 200.4 0.01
59 3.5 0.389
59 11.3 0.302
59 20.7 0.302
59 40.9 0.312
59 60.8 0.672
59 82.4 0.487
59 102 0.195
59 119.6 0.107
59 141.9 0.136
59 160.5 0.068
59 200.9 0.039
80 4.5 0.234
80 12.3 0.243
80 19.9 0.292
80 41 0.282
80 58.3 0.321
80 82.1 0.234
80 98.8 0.195
80 124 0.243
80 139.4 0.263
80 160.4 0.282
80 203 0.302
80 255 0.321
96 2.1 0.088
96 9.6 0.097
96 21 0.097
96 39.3 0.146
96 58.9 0.214
96 79.6 0.312
96 100.1 0.36
96 120 0.205
96 136.7 0.244
96 159 0.117
96 201.2 0.058
109 1.6 0.049
109 11.2 0.058
109 20.6 0.058
109 40.5 0.058
109 60.6 0.107
109 79.6 0.185
109 100.3 0.205
109 120.8 0.273
109 140.7 0.253
109 160.9 0.058
109 200.8 0.039
123 2.3 0.059
123 12 0.059
123 20.4 0.078
123 41.2 0.097
123 60 0.244
123 81.2 0.429
123 100.7 0.185
123 120.9 0.156
123 141.9 0.097
123 161.1 0.097
123 200.7 0.049
123 250.8 0.019
137 3.3 0.049
137 12.1 0.049
137 21.4 0.068
137 40.8 0.058
137 61.7 0.127
137 79.9 0.195
137 100 0.283
137 120.3 0.244
137 140.5 0.312
137 161 0.049
137 199.7 0.019
165 2.8 0.049
165 10.6 0.078
165 19.7 0.049
165 40.5 0.068
165 60.1 0.107
165 79.3 0.166
165 98.9 0.292
165 119.6 0.049
165 139.9 0.068
165 160.5 0.058
200 11.5 0.073
200 21.2 0.09
200 40.7 0.101
200 61.7 0.204
200 80.9 0.312
200 100.8 0.117
200 120.7 0.118
200 140.6 0.001
200 160.4 0.179
200 200.8 0.079
228 1.9 0.047
228 11.7 0.068
228 21.1 0.074
228 41.9 0.108
228 61 0.172
228 79.9 0.249
228 141.5 0.186
228 161 0.049
228 201.8 0.004
228 252.3 0.002
263 1.8 0.122
263 11.9 0.119
263 20.7 0.118
263 41.6 0.138
263 61.5 0.272
263 81 0.462
263 100.7 0.435
263 120.8 0.341
263 140.7 0.167
263 160.7 0.076
263 251.4 0.001
292 3.3 0.291
292 10.3 0.351
292 21.1 0.369
292 42 0.35
292 61.4 0.253
292 81.6 0.185
292 100.2 0.087
292 121.7 0.039
292 140.1 0.029
292 161.4 0.029
292 200.4 0.01
292 251.8 0
319 2.5 0.087
319 11.4 0.097
319 20.2 0.087
319 41.3 0.097
319 60.5 0.107
319 80.3 0.233
319 100.1 0.194
319 120.9 0.087
319 140.3 0.049
319 161.4 0.029
319 201.6 0
343 3 0.1
343 10.5 0.078
343 22.5 0.078
343 40.2 0.097
343 59.2 0.146
343 80.8 0.185
343 100 0.194
343 120.5 0.078
343 140.5 0.039
343 160.7 0.019
343 200.8 0
11 2.5 0.16
11 10 0.117
11 18.8 0.156
11 39.1 0.175
11 59.3 0.175
11 81.3 0.175
11 100.4 0.185
11 120.9 0.058
11 140.9 0.039
11 158.4 0.01
11 199.4 0
11 252.5 0
32 3.7 0.175
32 10.3 0.165
32 20.7 0.194
32 38.7 0.224
32 60.3 0.243
32 80.6 0.214
32 99.7 0.224
32 119.7 0.126
32 138.1 0.175
32 159 0.078
32 201.4 0.049
32 252.6 0
45 3.7 0.29
45 11.1 0.224
45 21.7 0.282
45 39.1 0.243
45 59.6 0.272
45 80.3 0.243
45 101 0.243
45 120.5 0.233
45 139.6 0.224
45 159.5 0.243
45 201.4 0.21
45 251.1 0.039
60 3.7 0.321
60 10.9 0.292
60 22.2 0.428
60 40.8 0.525
60 61.7 0.418
60 82.5 0.379
60 101 0.35
60 121.1 0.321
60 140.7 0.282
60 160.6 0.194
60 200.2 0.019
60 251.6 0.019
75 3.2 0.286
75 11.3 0.26
75 21.6 0.268
75 41 0.364
75 61.6 0.337
75 81.4 0.352
75 99.1 0.295
75 121.7 0.242
75 141.2 0.242
75 160.6 0.268
75 200.4 0.295
75 250.7 0.031
88 3.1 0.165
88 11.8 0.194
88 20.3 0.204
88 40.1 0.194
88 59.5 0.194
88 80.4 0.194
88 98.7 0.224
88 121.9 0.194
88 140.2 0.194
88 159.8 0.194
88 200.3 0.146
88 249.9 0.01
101 3.2 0.107
101 9.6 0.087
101 20.4 0.107
101 40.7 0.117
101 59.4 0.146
101 79.5 0.243
101 101.8 0.078
101 119.8 0.058
101 140.6 0.029
101 160.7 0.039
101 201.4 0.019
101 252.6 0.01
117 2.4 0.021
117 11.4 0.02
117 22.5 0.021
117 40.6 0.02
117 60.8 0.082
117 82.2 0.268
117 100.9 0.171
117 120.9 0.052
117 140.2 0.02
117 160 0.015
117 201.1 0.003
117 250.1 0.001
131 3.6 0.163
131 11.4 0.158
131 20.9 0.22
131 41.2 0.33
131 62.5 0.415
131 81.5 0.195
131 102 0.034
131 120.5 0.034
131 139.6 0.023
131 161.1 0.015
131 199.4 0.007
131 252.2 0.013
133 3.8 0.107
133 21.6 0.146
133 41.8 0.253
133 62 0.321
133 81.8 0.097
133 100 0.049
133 122.8 0.058
164 2.6 0.049
164 10.1 0.039
164 19.5 0.029
164 40.4 0.049
164 59.8 0.136
164 80.4 0.233
164 100.5 0.156
164 119.6 0.146
164 140.3 0.058
164 162.5 0.01
164 199.8 0.01
164 251.9 0
164 2.7 0.039
164 19.9 0.049
164 39.8 0.068
164 60.8 0.097
164 81.6 0.165
164 100.6 0.35
192 3.2 0.039
192 10.8 0.049
192 19.4 0.049
192 40.3 0.058
192 59.8 0.117
192 81.3 0.185
192 100.7 1.147
192 121.8 0.574
192 140.7 0.107
192 161.1 0.039
192 201.3 0.01
234 2.1 0.029
234 11 0.029
234 22.1 0.029
234 41 0.049
234 61.7 0.087
234 81.1 0.156
234 101.3 0.194
234 120.9 0.204
234 140.7 0.126
234 161.7 0.097
234 198.7 0.029
256 3.1 0.03
256 12 0.039
256 22.2 0.039
256 39.2 0.039
256 61.4 0.078
256 80.2 0.146
256 101.7 0.243
256 119.9 0.136
256 140.6 0.058
256 158.8 0.039
256 200.9 0.01
286 2.6 0.039
286 11.2 0.039
286 21 0.049
286 41.4 0.049
286 61.4 0.087
286 80.5 0.185
286 99.9 0.204
286 121.6 0.185
286 141.6 0.058
286 160.7 0.039
286 201 0.01
286 251.6 0
315 4 0.117
315 10.2 0.117
315 21.2 0.156
315 39.3 0.156
315 60.4 0.175
315 80.4 0.204
315 99.9 0.204
315 120.3 0.175
315 140.3 0.097
315 162.2 0.097
315 200.3 0.01
315 253.1 0
349 0.7 0.134
349 11.2 0.135
349 19.8 0.124
349 39.5 0.154
349 59.7 0.178
349 78.6 0.232
349 98.6 0.106
349 120.7 0.077
349 138.5 0.057
349 158.7 0.027
349 198.8 0.011
349 248 0.002
30 1.9 0.293
30 9.3 0.318
30 20.7 0.354
30 39.5 0.366
30 60.4 0.305
30 79.8 0.257
30 101.1 0.139
30 119.5 0.12
30 139.9 0.163
30 158.4 0.183
30 199 0.106
30 249.4 0.002
46 3.9 0.327
46 10.7 0.342
46 20.5 0.342
46 40.6 0.366
46 59.2 0.33
46 79.2 0.281
46 100.6 0.33
46 121.9 0.268
46 140.6 0.305
46 158.2 0.056
46 200.9 0.004
46 249.6 0.002
59 3.1 0.281
59 11 0.305
59 20.7 0.305
59 40.1 0.366
59 60.8 0.428
59 81.6 0.342
59 100.6 0.366
59 119.4 0.305
59 140.5 0.268
59 160.3 0.082
59 200.3 0.015
59 251 0.005
75 11.6 0.087
75 21.7 0.106
75 40.9 0.144
75 60.3 0.378
75 80.2 0.232
75 100.9 0.232
75 120.3 0.087
75 139.6 0.033
75 161.1 0.039
75 199 0.006
75 251 0.002
88 3.4 0.163
88 10.7 0.139
88 20 0.173
88 40.7 0.428
88 60.2 0.378
88 80.9 0.391
88 99.7 0.268
88 121.3 0.091
88 161.8 0.024
88 200.2 0.016
88 251.9 0.009
100 3.1 0.111
100 10.7 0.096
100 19.2 0.111
100 40.5 0.111
100 60.7 0.428
100 79.2 0.22
100 98.6 0.062
100 120.6 0.037
100 140.5 0.013
100 161.9 0.008
100 200 0.002
100 250.6 0.002
104 19.6 0.12
104 20.5 0.144
104 80.2 0.305
104 79.6 0.293
104 86 0.268
104 85.4 0.244
104 201.5 0.012
104 201.5 0.016
114 3.1 0.065
114 11.3 0.087
114 20.1 0.095
114 40.3 0.433
114 59.9 0.866
114 80.8 0.467
114 99.8 0.147
114 120.7 0.091
114 140.9 0.052
114 160.1 0.109
114 201.4 0.069
114 250.4 0.025
128 3.1 0.065
128 9.5 0.059
128 19.5 0.06
128 39.4 0.069
128 58.7 0.157
128 80.2 0.467
128 98.9 0.299
128 140.8 0.104
128 160.9 0.074
128 199.2 0.019
163 2.7 0.036
163 10.1 0.041
163 20.4 0.049
163 41.1 0.061
163 61.6 0.091
163 80.8 0.148
163 100.6 0.272
163 120.7 0.158
163 141.2 0.074
163 160.1 0.026
163 201.5 0.005
163 250.9 0.002
186 3.3 0.06
186 10 0.065
186 40.2 0.095
186 99.9 0.147
186 3.6 0.052
186 20.5 0.173
186 40.8 0.087
186 61.1 0.065
186 80.7 0.261
186 100.3 0.083
186 3.3 0.052
186 19.6 0.042
186 39.5 0.087
186 60.4 0.204
186 79.8 0.139
186 99.3 0.204
187 2.7 0.068
187 10.2 0.063
187 39.7 0.091
187 99.8 0.261
187 2.8 0.052
187 21.8 0.065
187 40.2 0.109
187 60.1 0.165
187 80.2 0.213
187 100.2 0.261
187 3.8 0.035
187 29.6 0.05
187 39.3 0.069
187 58.3 0.148
187 79.4 0.192
187 99.8 0.215
191 3.5 0.059
191 10.5 0.065
191 20.3 0.065
191 40.2 0.083
191 60.4 0.134
191 80 0.363
191 99.7 0.117
191 120.3 0.048
191 139.5 0.005
191 161 0.002
191 200.1 0.002
191 250.6 0.003
193 4.9 0.038
193 19.2 0.046
193 60 0.111
193 81.3 0.222
193 98 0.208
193 119.1 0.179
193 140.2 0.074
193 4.2 0.031
193 19.4 0.039
193 40.6 0.062
193 59.1 0.105
193 79.1 0.131
193 99.1 0.238
193 118.5 0.114
193 138.2 0.054
219 3.2 0.025
219 9.9 0.029
219 19.7 0.033
219 39.2 0.069
219 59.4 0.095
219 80.1 0.17
219 100.2 0.158
219 120.4 0.056
219 140.3 0.042
219 159.9 0.019
219 199.7 0.004
219 250.5 0.002
247 2.9 0.034
247 10.1 0.03
247 19.6 0.036
247 39.4 0.052
247 59.6 0.083
247 79.8 0.125
247 99.9 0.147
247 119.3 0.056
247 139.4 0.039
247 159.4 0.026
247 199.4 0.005
247 248.7 0.002
283 2.6 0.044
283 11.1 0.044
283 20.3 0.046
283 40.1 0.055
283 60.3 0.109
283 81 0.139
283 100.7 0.102
283 119.9 0.048
283 140 0.039
283 161.3 0.026
283 199.1 0.006
283 252.3 0.001
311 3.9 0.044
311 10.9 0.059
311 21.9 0.055
311 40.2 0.058
311 60.4 0.1
311 79.6 0.109
311 101.4 0.06
311 120.1 0.035
311 139.4 0.029
311 160.3 0.017
311 200.5 0.004
311 251.5 0.001
347 3.7 0.215
347 11.2 0.204
347 20.8 0.215
347 41.4 0.226
347 61.9 0.249
347 80.9 0.226
347 100.6 0.215
347 120.3 0.215
347 141.4 0.238
347 160.2 0.204
347 201 0.005
347 251.9 0.006
14 4.6 0.158
14 9.5 0.158
14 20.2 0.17
14 39.7 0.158
14 60.7 0.158
14 78.5 0.147
14 98.6 0.125
14 118.8 0.056
14 139.9 0.06
14 159 0.023
14 199.2 0.008
28 2.9 0.249
28 10.6 0.238
28 20.5 0.226
28 39.7 0.192
28 59.8 0.238
28 79.5 0.226
28 100.1 0.215
28 120.6 0.044
28 139.3 0.023
28 161.1 0.014
28 200.4 0.002
28 250.9 0.001
38 3 0.06
38 10.5 0.06
38 20.7 0.065
38 40.7 0.083
38 61.2 0.139
38 80.7 0.226
38 99.7 0.158
38 120.3 0.056
38 139.3 0.023
38 160.6 0.015
38 200.7 0.002
38 250.6 0
52 3.6 0.052
52 11.2 0.056
52 21 0.058
52 40.9 0.065
52 60.3 0.1
52 80.6 0.13
52 99.6 0.181
52 119.5 0.074
52 140.2 0.03
52 160.1 0.037
52 200.6 0.007
64 3.5 0.042
64 10.7 0.042
64 20.9 0.042
64 40.1 0.053
64 60.8 0.083
64 79.8 0.139
64 100.2 0.17
64 120.2 0.17
64 140.1 0.065
64 159.2 0.033
64 199.6 0.015
64 250.8 0.005
78 3.1 0.053
78 10.6 0.065
78 19.9 0.06
78 40.8 0.069
78 60.3 0.078
78 80.5 0.095
78 100 0.238
78 120.5 0.124
78 140.3 0.065
78 160.3 0.016
78 200.3 0.001
78 250 0.001
99 3.7 0.122
99 11.7 0.125
99 21.5 0.125
99 40.6 0.139
99 61.8 0.182
99 80.4 0.192
99 99.9 0.215
99 119.8 0.192
99 140.8 0.204
99 160 0.158
99 201.5 0.051
99 249.6 0.002
126 2.6 0.063
126 10.7 0.062
126 21 0.069
126 40.7 0.083
126 60.4 0.091
126 80.3 0.181
126 99.9 0.17
126 120.2 0.124
126 140.4 0.056
126 159.9 0.06
126 200.8 0.026
126 250.9 0.01
162 2.7 0.05
162 10.3 0.062
162 19.7 0.061
162 39.5 0.069
162 59.6 0.134
162 79 0.249
162 100 0.158
162 119.8 0.042
162 139.6 0.069
162 158.4 0.029
162 200.2 0.005
162 249.9 0.005
197 2.6 0.028
197 10.1 0.033
197 40.6 0.047
197 59.5 0.078
197 79.8 0.125
197 99.8 0.215
197 120.2 0.087
197 139.1 0.06
197 160.3 0.035
197 200 0.003
197 249.7 0.002
224 2 0.033
224 9.8 0.036
224 20.5 0.03
224 40 0.04
224 60.6 0.054
224 80.5 0.083
224 100.8 0.122
224 121 0.147
224 140.9 0.08
224 161.6 0.048
224 200.5 0.02
224 250.3 0.004
255 2.9 0.032
255 10.2 0.032
255 20.3 0.037
255 40.6 0.042
255 60 0.062
255 79.3 0.095
255 100.5 0.148
255 119.7 0.147
255 139.1 0.09
255 161.1 0.039
255 199.7 0.011
255 250.3 0.003
280 2.6 0.052
280 9.9 0.042
280 21 0.044
280 40.2 0.074
280 60.7 0.113
280 79.5 0.134
280 100.1 0.104
280 120.6 0.03
280 140.4 0.03
280 161 0.025
280 201.2 0.002
280 249.6 0.001
316 2.2 0.078
316 10.4 0.073
316 19.3 0.068
316 40.1 0.082
316 59.7 0.119
316 79.7 0.327
316 99.2 0.127
316 119.5 0.059
316 139.9 0.027
316 159.8 0.027
316 200.6 0.002
343 2.1 0.213
343 10.1 0.227
343 20.2 0.241
343 39.4 0.269
343 59.1 0.256
343 80.3 0.256
343 100.1 0.198
343 120.3 0.046
343 139.2 0.025
343 161 0.015
343 200.3 0.008
343 250.2 0.002
13 3.9 0.078
13 9.8 0.078
13 20.2 0.078
13 40.1 0.1
13 60.1 0.256
13 80.2 0.269
13 100.1 0.132
13 120.9 0.02
13 140.8 0.015
13 161.3 0.008
13 200.9 0.007
13 251.3 0.003
43 2.6 0.256
43 10.2 0.198
43 20.4 0.241
43 41.3 0.284
43 61.1 0.369
43 81.1 0.369
43 99.1 0.284
43 120.1 0.185
43 139.3 0.1
43 160.5 0.059
43 199.7 0.019
43 250.5 0.008
59 2.7 0.256
59 10.4 0.284
59 19.8 0.312
59 40.7 0.327
59 58.8 0.355
59 81.4 0.298
59 99.6 0.341
59 118.4 0.298
59 140 0.04
59 158.7 0.02
59 201.5 0.004
59 248.3 0.001
71 4.4 0.269
71 9.6 0.256
71 18.1 0.341
71 40 0.355
71 59.7 0.298
71 79.9 0.141
71 100.3 0.132
71 118.6 0.137
71 139.3 0.052
71 158.9 0.062
71 197.5 0.048
71 253 0.013
84 3.1 0.137
84 10 0.132
84 20.2 0.127
84 40.6 0.155
84 60.1 0.213
84 80.2 0.146
84 99.1 0.151
84 120.2 0.054
84 140.4 0.058
84 161.5 0.059
84 199.3 0.102
84 250.3 0.007
97 2.8 0.146
97 10.6 0.159
97 20.4 0.151
97 40.7 0.164
97 60.4 0.155
97 80.4 0.241
97 100.2 0.1
97 120.6 0.054
97 140.4 0.029
97 159.6 0.018
97 200.4 0.009
107 3.5 0.068
107 9.3 0.068
107 20 0.068
107 40.8 0.064
107 60.4 0.119
107 79.8 0.227
107 99.5 0.164
107 120.6 0.155
107 140.4 0.095
107 160.4 0.053
107 199.3 0.011
107 249.6 0.005
125 2.5 0.086
125 10 0.087
125 20.1 0.068
125 39.8 0.087
125 60.1 0.127
125 80.9 0.284
125 101.2 0.241
125 120.2 0.082
125 139 0.029
125 161.1 0.022
125 200.3 0.011
125 250.7 0.001
153 3 0.082
153 8.7 0.078
153 18.7 0.087
153 36.9 0.091
153 60.1 0.114
153 79.2 0.412
153 99.5 0.212
153 119.2 0.127
153 140 0.073
153 160.9 0.025
153 199.8 0.004
153 247.5 0.002
188 2.9 0.018
188 9.9 0.016
188 19.9 0.085
188 40.1 0.082
188 60.3 0.123
188 80.5 0.241
188 100.5 0.284
188 120.9 0.127
188 140.1 0.073
188 159.3 0.039
188 200.2 0.008
188 250.2 0
223 3.7 0.058
223 9.5 0.068
223 20.6 0.06
223 39.7 0.056
223 59.9 0.123
223 80.5 0.151
223 100 0.298
223 119.2 0.127
223 140.9 0.058
223 159.9 0.035
223 199.7 0.003
223 250.8 0.001
253 2.5 0.077
253 10.9 0.075
253 19.5 0.077
253 40.4 0.073
253 60.9 0.137
253 80.8 0.412
253 101.4 0.157
253 120.7 0.054
253 141.2 0.04
253 158.6 0.017
253 200.6 0.007
253 251.4 0.003
295 3.3 0.073
295 10.6 0.071
295 20.2 0.081
295 38.9 0.09
295 60.2 0.146
295 81.1 0.283
295 100.7 0.127
295 121 0.059
295 140.7 0.032
295 160.2 0.025
295 251 0.004
321 2.7 0.068
321 10.4 0.068
321 19.6 0.059
321 39.9 0.095
321 60.2 0.119
321 79.1 0.227
321 100.4 0.086
321 119.5 0.037
321 140.9 0.022
321 160.7 0.013
321 200.7 0.005
321 250.4 0.011
342 2.4 0.07
342 10 0.068
342 20.3 0.08
342 40.3 0.082
342 59.7 0.078
342 80.4 0.114
342 99.6 0.198
342 119.6 0.059
342 139.9 0.027
342 159.5 0.022
342 201.4 0.009
342 251.1 0.002
15 2.6 0.083
15 9.8 0.083
15 19.4 0.078
15 39 0.089
15 59.3 0.116
15 79.8 0.138
15 98.4 0.155
15 117.6 0.1
15 137.2 0.039
15 156.7 0.039
15 196.8 0.014
15 246.4 0.004
27 2.8 0.081
27 10.2 0.081
27 20.9 0.076
27 41.4 0.087
27 59.5 0.113
27 79.7 0.134
27 101.8 0.151
27 115.7 0.097
27 139.8 0.038
27 160.7 0.038
27 200 0.014
27 248.5 0.004
43 3 0.183
43 11.1 0.253
43 19.9 0.225
43 39 0.253
43 60.4 0.253
43 80.9 0.211
43 100.2 0.204
43 121.4 0.108
43 141.3 0.032
43 160.3 0.021
43 201.4 0.004
43 250.1 0.009
55 5.5 0.281
55 10.1 0.281
55 19.9 0.281
55 39.8 0.296
55 61.2 0.281
55 80.5 0.309
55 101.1 0.281
55 120.1 0.253
55 138.7 0.239
55 161 0.074
55 203.3 0.013
55 247.8 0.003
78 3.1 0.267
78 9.9 0.267
78 19.5 0.261
78 40.1 0.253
78 60.7 0.253
78 80.8 0.253
78 100.2 0.281
78 119.8 0.267
78 140.1 0.225
78 160 0.081
78 200 0.028
78 251.1 0.004
82 3 0.407
82 10.3 0.38
82 20.3 0.309
82 40.8 0.435
82 59.1 0.296
82 79.2 0.309
82 99.8 0.211
82 120.4 0.097
82 140.4 0.046
82 159.8 0.097
82 200.9 0.02
82 249.7 0.006
97 3.8 0.345
97 10.9 0.331
97 21.6 0.345
97 40 0.345
97 60.4 0.331
97 79.2 0.36
97 99.5 0.331
97 120.3 0.345
97 139.8 0.166
97 162 0.088
97 201.8 0.066
97 250.1 0.008
124 3.1 0.066
124 9.9 0.064
124 19.7 0.059
124 40.4 0.083
124 60.4 0.12
124 80.3 0.331
124 101.6 0.301
124 140.1 0.067
124 159.8 0.036
124 200 0.029
124 250.3 0.004
152 3.6 0.043
152 8.9 0.05
152 19.4 0.066
152 39.8 0.066
152 60.7 0.109
152 80.5 0.23
152 99.9 0.373
152 120.2 0.201
152 139.8 0.114
152 161.8 0.036
152 201.2 0.029
152 251 0.007
155 3.1 0.05
155 20.6 0.041
155 40.1 0.048
155 60.5 0.066
155 80.3 0.083
155 101.1 0.151
155 121.4 0.244
155 140.9 0.078
187 3.6 0.036
187 9.3 0.037
187 20.2 0.034
187 40.9 0.063
187 59.6 0.078
187 80.4 0.129
187 100.3 0.273
187 121.4 0.201
187 140 0.073
187 160.1 0.027
187 200.3 0.005
187 251.2 0.003
215 3.7 0.063
215 9.2 0.07
215 19.6 0.071
215 39.3 0.077
215 60.5 0.098
215 79.9 0.187
215 99.6 0.288
215 120.1 0.288
215 140.6 0.151
215 158.9 0.093
215 200 0.009
215 249 0.001
258 3.2 0.043
258 9.3 0.052
258 20.7 0.057
258 40.6 0.071
258 61.1 0.087
258 81.3 0.124
258 100.2 0.171
258 118.3 0.273
258 140.2 0.201
258 199.8 0.027
258 249.5 0.006
285 1.5 0.034
285 10 0.046
285 19.7 0.057
285 39.1 0.078
285 60.1 0.073
285 79.4 0.166
285 99.8 0.474
285 119.6 0.273
285 138.9 0.109
285 160.1 0.067
285 200.7 0.008
285 249.2 0.002
314 3.1 0.109
314 10.6 0.109
314 20.7 0.12
314 40.2 0.124
314 59.1 0.135
314 81 0.273
314 100.9 0.273
314 120.5 0.104
314 140.3 0.048
314 159 0.027
314 200.6 0.005
314 252.8 0.003
343 2.5 0.136
343 10.7 0.141
343 20.4 0.136
343 41.4 0.132
343 79.5 0.149
343 101.2 0.237
343 139.9 0.052
343 158.7 0.025
343 200 0.006
343 252 0.001
29 3.2 0.216
29 10.1 0.216
29 20.9 0.183
29 39.1 0.219
29 56.9 0.216
29 80.2 0.227
29 99.3 0.223
29 120.2 0.249
29 139.5 0.226
29 158 0.065
29 200 0.002
29 250.7 0.007
46 2.6 0.088
46 10.7 0.154
46 20.4 0.134
46 40 0.324
46 60.9 0.317
46 79.5 0.175
46 99.2 0.17
46 120.7 0.266
46 139.3 0.177
46 158.9 0.085
46 199.4 0.01
46 250.3 0.002
74 3.4 0.163
74 10.8 0.302
74 20.7 0.261
74 40.9 0.234
74 60.3 0.204
74 80.1 0.084
74 99.8 0.057
74 120 0.031
74 139.9 0.006
74 160.1 0.018
74 200 0.024
74 251.1 0.031
88 3 0.059
88 19.7 0.062
88 39.4 0.087
88 59 0.08
88 80.5 0.031
88 100.8 0.027
88 120.6 0.01
88 139 0.008
88 160.5 0.002
88 201.6 0
88 250.4 0.001
102 3.7 0.151
102 9.2 0.151
102 19.8 0.139
102 39.9 0.182
102 60.4 0.507
102 80.3 0.261
102 101.5 0.062
102 119 0.033
102 139.8 0.004
102 159.9 0.003
102 200.4 0.006
102 251.1 0.002
131 3.5 0.045
131 10.3 0.052
131 20.2 0.035
131 39.2 0.066
131 61 0.141
131 79.3 0.402
131 100.1 0.152
131 118.8 0.051
131 138.9 0.043
131 161 0.011
131 200.2 0.012
131 250.6 0.004
158 3.2 0.005
158 9.8 0.006
158 19.4 0.016
158 39.6 0.006
158 59.8 0.017
158 100 0.077
158 120.1 0.038
158 138.9 0.021
158 160.9 0.007
158 200 0.004
158 250.5 0.002
193 3.2 0.024
193 10.2 0.013
193 20.2 0.016
193 40.2 0.026
193 60 0.096
193 80.7 0.071
193 99.4 0.16
193 120.3 0.141
193 140 0.029
193 160.3 0.022
193 199.6 0
193 249.7 0.001
221 3.1 0.008
221 10.5 0.006
221 20.7 0.012
221 40.3 0.013
221 59.8 0.016
221 79.6 0.127
221 100.2 0.019
221 120.2 0.005
221 140.2 0.002
221 159 0.001
221 199.8 0.001
221 250.3 0.001
257 3.9 0.02
257 9.5 0.021
257 20.2 0.026
257 39.1 0.061
257 60.1 0.07
257 80.1 0.116
257 99.2 0.139
257 120.4 0.091
257 140.1 0.049
257 159.2 0.039
257 200.4 0.003
257 249.5 0.001
292 4 0.018
292 8.6 0.017
292 20.6 0.012
292 39.7 0.016
292 58.7 0.03
292 80 0.03
292 100.7 0.088
292 119.8 0.028
292 141.8 0.014
292 159.3 0.014
292 200.9 0.003
292 250.6 0.001
319 4.2 0.107
319 10.2 0.149
319 19.7 0.101
319 41.6 0.122
319 59.4 0.132
319 79.2 0.281
319 100.5 0.255
319 118.3 0.172
319 140.5 0.098
319 158.9 0.046
319 201.8 0.009
319 249.6 0.003
347 4.1 0.017
347 9.9 0.007
347 19.6 0.007
347 39.8 0.009
347 60.3 0.007
347 79.8 0.015
347 100.1 0.007
347 119.5 0.005
347 141.9 0.001
347 158.8 0
347 199.9 0.001
347 249.8 0
30 3.8 0.268
30 10.7 0.27
30 19.4 0.263
30 39.9 0.278
30 59.9 0.275
30 79.5 0.276
30 100.2 0.263
30 120.5 0.252
30 139.8 0.154
30 160.2 0.047
30 200.4 0.01
30 247.8 0.003
51 4 0.249
51 10.2 0.331
51 20.9 0.324
51 40 0.329
51 60.4 0.316
51 80.8 0.326
51 100.9 0.147
51 120.5 0.031
51 138.3 0.026
51 160 0.019
51 199.9 0.017
51 250.3 0.003
68 4.1 0.337
68 9.5 0.329
68 19.4 0.408
68 39 0.465
68 58.8 0.58
68 80.3 0.513
68 101.8 0.435
68 117.1 0.324
68 140.6 0.515
68 161.7 0.47
68 199.3 0.262
68 249.7 0.039
79 4 0.212
79 9.9 0.205
79 19.7 0.19
79 39.7 0.213
79 60.9 0.198
79 80.1 0.245
79 100 0.209
79 121.6 0.221
79 139.4 0.16
79 159.2 0.122
79 201.2 0.071
79 250.6 0.056
94 4.6 0.232
94 9.7 0.199
94 20.3 0.206
94 39.7 0.263
94 59.4 0.261
94 79.9 0.288
94 98.5 0.209
94 118.6 0.211
94 140.9 0.095
94 200.2 0.009
94 252.1 0.001
108 3.9 0.05
108 10.2 0.119
108 20.8 0.05
108 40.7 0.137
108 62.9 0.307
108 81.6 0.527
108 100.2 0.268
108 120 0.173
108 141.9 0.062
108 160.6 0.091
108 200.8 0.009
108 245.9 0.002
135 4.9 0.039
135 10.3 0.015
135 19.4 0.023
135 39.9 0.06
135 60.2 0.032
135 80.2 0.09
135 101.2 0.108
135 140 0.08
135 159.7 0
135 200.4 0.003
135 250.4 0.002
156 3.9 0.045
156 9.6 0.044
156 20.2 0.039
156 40.6 0.056
156 60.2 0.098
156 80.3 0.109
156 100.5 0.149
156 120.4 0.234
156 139.7 0.319
156 160.7 0.213
156 199.4 0.059
156 249.1 0.003
199 3.9 0.068
199 10.1 0.047
199 19.7 0.058
199 38.9 0.086
199 60.5 0.11
199 79.6 0.247
199 100.4 0.347
199 120 0.074
199 140.1 0.069
199 159.1 0.019
199 199.8 0.017
199 249.8 0.006
219 3.5 0.062
219 10.1 0.065
219 19.5 0.073
219 41 0.12
219 59.8 0.165
219 80.9 0.273
219 100.4 0.261
219 120.7 0.203
219 140.5 0.136
219 159.2 0.105
219 200.1 0.037
219 249.8 0.003
255 3 0.054
255 11.4 0.049
255 20.2 0.053
255 38.7 0.084
255 61.1 0.126
255 80.7 0.204
255 98.1 0.27
255 120.2 0.163
255 141 0.09
255 161 0.036
255 201.2 0.003
255 250.3 0.001
289 3.7 0.095
289 10.1 0.1
289 21.3 0.103
289 40.4 0.118
289 60.1 0.126
289 80.1 0.38
289 100.9 0.205
289 120.3 0.051
289 139.8 0.034
289 160.2 0.017
289 199.4 0.035
289 251.4 0.02
313 3.3 0.057
313 10.3 0.082
313 20.6 0.078
313 39.8 0.063
313 61.5 0.142
313 81.5 0.142
313 101.5 0.194
313 119.7 0.115
313 143.2 0.075
313 160.2 0.041
313 200.7 0.054
313 251 0.006
345 4.7 0.119
345 9.6 0.11
345 20.3 0.128
345 39.1 0.084
345 60.6 0.118
345 78.9 0.131
345 99.7 0.143
345 119.5 0.088
345 141.1 0.017
345 161 0.022
345 201.4 0.03
345 248.5 0.012
44 3.2 0.068
44 9.1 0.071
44 12.3 0.067
44 38 0.064
44 59.2 0.072
44 80.5 0.071
44 100.9 0.028
44 120.4 0.06
44 140.8 0.054
44 160.2 0.041
44 199.3 0.073
44 250.4 0.006
58 4.3 0.261
58 10.5 0.256
58 21.4 0.239
58 40.4 0.336
58 61.1 0.336
58 81.5 0.157
58 100.4 0.152
58 120.2 0.121
58 138.7 0.089
58 158.8 0.067
58 201 0.077
58 248.3 0.052
66 4 0.034
66 9.4 0.234
66 20.2 0.179
66 39.5 0.224
66 58.8 0.224
66 79.7 0.221
66 99.9 0.244
66 119.6 0.078
66 140.7 0.044
66 159.9 0.017
66 201.6 0.005
66 248.3 0.001
78 3.5 0.131
78 10.2 0.159
78 19.8 0.148
78 40.4 0.209
78 58.3 0.255
78 80.4 0.138
78 100.1 0.033
78 119.6 0.086
78 139.6 0.129
78 159.9 0.098
78 199.5 0
78 249.3 0
106 4.1 0.046
106 9.7 0.056
106 20.9 0.05
106 40.5 0.085
106 60.9 0.081
106 80.5 0.121
106 100.1 0.202
106 119.1 0.253
106 140 0.181
106 160.5 0.081
106 199.9 0.031
106 249.9 0.01
134 3.5 0.065
134 10.2 0.069
134 20 0.067
134 39.6 0.09
134 58.7 0.188
134 79.6 0.573
134 100.6 0.191
134 119.8 0.033
134 140 0.011
134 161.3 0.008
134 201.6 0.012
134 253 0.026
155 3.4 0.048
155 10.9 0.033
155 20.3 0.046
155 40.6 0.055
155 60.4 0.095
155 80.6 0.207
155 101.5 0.204
155 120 0.1
155 139.9 0.025
155 159.8 0.008
155 199.2 0.003
183 3.6 0.05
183 10.2 0.052
183 19.9 0.046
183 40.6 0.062
183 60.1 0.084
183 80.4 0.115
183 99.9 0.165
183 120.6 0.199
183 140.9 0.23
183 159.7 0.049
183 200.1 0.004
183 247.8 0.001
260 4.1 0.064
260 10.3 0.077
260 20 0.084
260 39.9 0.076
260 59.5 0.16
260 80.3 0.208
260 100.4 0.213
260 118.5 0.116
260 141.5 0.152
260 159.9 0.072
260 199.2 0.037
260 249.7 0.012
281 4 0.015
281 10.7 0.064
281 20.6 0.037
281 39.9 0.034
281 60.2 0.031
281 80.6 0.051
281 100.3 0.278
281 119.5 0.158
281 140.5 0.025
281 159.6 0.006
281 201 0.001
317 3.7 0.065
317 10.9 0.076
317 19.7 0.06
317 41 0.065
317 60.3 0.112
317 79.2 0.126
317 101.3 0.163
317 121.5 0.078
317 140.8 0.026
317 160.1 0.022
317 199.9 0.021
317 250.4 0.002
344 3.7 0.165
344 10.7 0.168
344 20.6 0.173
344 40.7 0.163
344 59.3 0.16
344 80.5 0.178
344 99.4 0.12
344 120.1 0.084
344 139.2 0.064
344 160.7 0.016
344 200.3 0.003
344 249.4 0.001
35 4.9 0.137
35 9.6 0.229
35 18.7 0.285
35 39.2 0.203
35 58.7 0.319
35 79.3 0.113
35 100.1 0.064
35 119.9 0.261
35 141.6 0.084
35 159.8 0.002
35 202.4 0.01
35 252 0.038
52 3.8 0.156
52 10.5 0.193
52 20 0.245
52 39.7 0.378
52 59.5 0.409
52 79.6 0.383
52 100.3 0.175
52 120.6 0.151
52 140.1 0.073
52 160.2 0.023
52 250.9 0.002
63 4 0.445
63 9.6 0.461
63 18.7 0.405
63 38.4 0.451
63 60.4 0.285
63 79.8 0.158
63 99.5 0.167
63 120.5 0.08
63 138.7 0.059
63 159.8 0.066
63 199.4 0.038
63 248.4 0.01
80 4.6 0.06
80 10 0.06
80 19 0.234
80 40.4 0.093
80 59.7 0.019
80 78.7 0.072
80 98.4 0.013
80 119.3 0.002
80 139.7 0.02
80 159.8 0.016
80 199.4 0.007
80 249.1 0.002
93 3.6 0.29
93 9.7 0.239
93 19.2 0.297
93 40.4 0.261
93 60.1 0.331
93 79.3 0.319
93 98.4 0.115
93 119.4 0.075
93 138.5 0.077
93 158.5 0.01
93 199.5 0.005
93 250.7 0.002
112 3.8 0.064
112 10.2 0.061
112 20.7 0.064
112 40.1 0.067
112 60.4 0.09
112 80.9 0.168
112 99.7 0.286
112 119.8 0.208
112 139.7 0.035
112 161.2 0.017
112 201.2 0.009
112 250.7 0.001
140 4.1 0.064
140 10.8 0.061
140 19.3 0.064
140 40.9 0.067
140 60 0.09
140 80.1 0.168
140 99.6 0.286
140 120.2 0.208
140 140.9 0.061
140 160.7 0.022
140 200.5 0.005
140 251.4 0.004
185 3.5 0.019
185 9.8 0.018
185 19.2 0.015
185 39.7 0.025
185 60 0.025
185 80.2 0.036
185 99 0.115
185 119.5 0.106
185 140.2 0.026
185 159.8 0
185 201 0
185 250 0
196 2.9 0.031
196 10.1 0.039
196 20.3 0.043
196 40.2 0.067
196 59.4 0.079
196 79.7 0.074
196 100.2 0.158
196 120.8 0.064
196 141 0.141
196 162.3 0.04
196 200.1 0.002
196 250.1 0
224 2.7 0.046
224 8.9 0.045
224 19.9 0.031
224 38.9 0.08
224 58.5 0.096
224 79.1 0.08
224 100.9 0.122
224 118.6 0.208
224 160.3 0.018
224 200 0.025
224 251 0
262 3.5 0.092
262 10.9 0.087
262 21.3 0.106
262 39.7 0.083
262 62 0.17
262 81.4 0.374
262 101.4 0.085
262 120.7 0.036
262 139.4 0.054
262 160.8 0.043
262 201.6 0.014
262 252.2 0.002
280 3.6 0.082
280 9.3 0.042
280 20.1 0.055
280 40.9 0.082
280 59.7 0.12
280 80.6 0.185
280 100.7 0.271
280 120.6 0.151
280 141.8 0.018
280 160 0.007
280 202.3 0
280 250.2 0.001
308 3.6 0.134
308 9.4 0.122
308 19.7 0.118
308 39.7 0.115
308 160.2 0.003
308 198.7 0.001
308 250.3 0.002
308 59.3 0.082
308 79.5 0.47
308 100 0.064
308 119 0.055
308 139.6 0.017
336 3 0.143
336 9.8 0.149
336 19.1 0.149
336 38.9 0.163
336 59 0.146
336 79.4 0.19
336 99.6 0.368
336 120.1 0.224
336 139.7 0.129
336 160.1 0.032
336 199.4 0.003
336 249.8 0.001
27 3.5 0.391
27 10.5 0.378
27 19.1 0.373
27 40.2 0.348
27 60.1 0.291
27 80.6 0.331
27 100.1 0.283
27 119.7 0.214
27 140.7 0.149
27 161 0.022
27 199.7 0.009
27 250 0.002
69 3.9 0.185
69 10.2 0.185
69 20 0.185
69 38.2 0.214
69 59.2 0.214
69 79 0.253
69 99.1 0.107
69 118.6 0.146
69 138.5 0.039
69 160.9 0.058
69 199.6 0.019
69 252.9 0.01
83 3.7 1.259
83 10.7 1.603
83 20.5 2.109
83 39.4 2.453
83 60.4 2.895
83 80.7 2.813
83 99.6 2.83
83 119.7 2.617
83 142.2 2.011
83 160.6 0.981
83 201 0.961
83 249.5 0.186
98 2.6 2.922
98 13.2 1.948
98 22.3 2.922
98 43.3 1.948
98 61.9 2.922
98 82.1 1.948
98 102 1.948
98 121.2 1.948
98 141 0.974
98 161.9 0.974
98 203.4 0
98 252.9 0
112 3.4 2.142
112 9.4 2.976
112 20.4 3.304
112 39.6 2.65
112 59.9 2.764
112 80.6 2.633
112 100.2 2.028
112 121.4 1.177
112 140.8 0.646
112 161.3 0.425
112 200.5 0.123
112 250 0.261
167 3.4 0.074
167 10.3 0.061
167 20.2 0.052
167 39 0.056
167 59.9 0.142
167 79 0.257
167 100.6 0.332
167 119.7 0.122
167 139.6 0.041
167 159.6 0.011
167 248.9 0.06
196 2.2 0.391
196 11 0.378
196 20.5 0.373
196 40.2 0.348
196 59.5 0.291
196 81 0.321
196 100.2 0.275
196 119.6 0.214
196 138.9 0.149
196 160.4 0.022
196 200.5 0.009
196 249.3 0.002
230 2.9 0.042
230 10 0.065
230 20 0.045
230 40.4 0.05
230 59.6 0.093
230 80.3 0.157
230 100.4 0.237
230 119.7 0.343
230 139.4 0.08
230 160.3 0.095
230 199.5 0.051
230 249.9 0.003
258 2.7 0.048
258 10.4 0.031
258 21.1 0.046
258 40 0.082
258 60.3 0.06
258 79.8 0.196
258 100 0.224
258 120.8 0.142
258 140.1 0.077
258 160.5 0.021
258 200.7 0.004
258 251.3 0.001
287 2.9 0.079
287 8.6 0.087
287 20.3 0.074
287 40.6 0.063
287 60.9 0.158
287 80.2 0.185
287 99.5 0.324
287 118.2 0.29
287 138.9 0.093
287 158.8 0.031
287 205 0.001
139 39.9 0.975
139 39.8 0.975
139 90.2 0.974
139 90.1 0.974
139 139.8 0.974
139 139.8 0.974
229 4 0.059
229 9.7 0.029
229 19.9 0.029
229 39.4 0.02
229 58.8 0.068
229 79.9 0.156
229 99.1 0.175
229 118.8 0.156
229 139.6 0.078
229 159.7 0.049
229 201.2 0.01
251 5.9 0.078
251 10.3 0.088
251 19.9 0.078
251 39.5 0.127
251 59.7 0.195
251 80.4 0.234
251 101.2 0.175
251 120.6 0.088
251 139.3 0.058
251 161 0.049
251 198.7 0.01
279 3.8 0.049
279 9.5 0.049
279 19.6 0.049
279 39.2 0.049
279 60.2 0.127
279 80 0.205
279 101.9 0.205
279 120.5 0.068
279 139.9 0.039
279 160.1 0.01
279 201.9 0
281 99.6 0.195
281 140.5 0.049
281 179.3 0.01
281 199.9 0.01
318 4.4 0.117
318 10.1 0.107
318 21.3 0.117
318 39.3 0.098
318 58.7 0.195
318 79 0.205
318 99 0.068
318 119.5 0.029
318 140.5 0.01
318 160.3 0
318 199.9 0.01
340 5.7 0.107
340 8.9 0.107
340 19.3 0.059
340 38.4 0.117
340 59.9 0.127
340 81.8 0.253
340 101.7 0.088
340 121.3 0.049
340 140.4 0.019
340 157.4 0.01
340 198.6 0
17 3.6 0.127
17 10.1 0.185
17 19.7 0.175
17 40.9 0.166
17 59.3 0.175
17 80.6 0.146
17 100.1 0.136
17 120.7 0.058
17 139.4 0.01
17 160.7 0.01
17 199.9 0
17 250.8 0
43 4.6 0.088
43 8.5 0.088
43 20.3 0.078
43 39.8 0.097
43 78.6 0.195
43 78.6 0.214
43 100.6 0.156
43 119.4 0.088
43 138.9 0.039
43 158.5 0.019
54 4.4 0.078
54 9.7 0.078
54 20.2 0.078
54 40.7 0.117
54 60.3 0.156
54 81 0.175
54 101.2 0.166
54 119.5 0.146
54 139.7 0.136
54 161.4 0.088
54 200.9 0.039
54 251.5 0.01
73 3.3 0.058
73 11.5 0.049
73 19.8 0.058
73 39 0.068
73 59.3 0.088
73 79.1 0.097
73 100.3 0.195
73 118.4 0.185
73 139.5 0.049
73 159.5 0.058
73 199.6 0
75 82.6 0.205
75 100.9 0.136
75 122.5 0.117
76 40.5 0.049
76 78.6 0.029
76 101.3 0.097
76 122.5 0.019
76 138.6 0.01
85 10.2 0.01
85 20.3 0.049
85 38.3 0.01
85 59.5 0.049
85 80.4 0.049
85 99.4 0.088
85 122.2 0.117
85 138.5 0.049
85 159.8 0.01
85 201.6 0
106 5.3 0.039
106 7.8 0.039
106 20.7 0.039
106 41.7 0.058
106 61.7 0.049
106 78.6 0.117
106 100.8 0.156
106 118.7 0.234
106 141.9 0.263
106 160.1 0.117
106 199.4 0.019
106 250.6 0.01
111 20.1 0.068
111 41.5 0.263
111 51.2 0.341
111 60.9 0.351
111 81.2 0.146
111 99.1 0.078
112 18.5 0.068
112 38.3 0.156
112 60 0.234
112 79.6 0.253
112 100 0.107
151 4.1 0.029
151 10.3 0.019
151 19.7 0.029
151 39.9 0.068
151 60.5 0.214
151 79.7 0.341
151 99.4 0.185
151 120.2 0.097
151 139.3 0.039
151 160 0.01
151 200.9 0
174 4.2 0.059
174 10.5 0.049
174 20.5 0.049
174 39.7 0.049
174 60.5 0.059
174 79.5 0.097
174 100.4 0.156
174 120.9 0.175
174 140.2 0.175
174 160 0.097
174 199.1 0.039
174 249.7 0
200 3.2 0.029
200 9 0.029
200 19.7 0.02
200 40.1 0.049
200 79.5 0.127
200 79.6 0.098
200 100.4 0.292
200 118.4 0.097
200 140 0.029
200 160.7 0.01
200 200 0
227 4 0.02
227 19.6 0.01
227 20 0.029
227 40.7 0.039
227 60.8 0.068
227 79.5 0.137
227 99.8 0.059
227 120.8 0.029
227 141.1 0.019
227 159.9 0.01
256 2.9 0.029
256 9.4 0.02
256 19.6 0.02
256 80.4 0.059
256 99.9 0.078
256 119.7 0.195
256 138.5 0.039
256 159.4 0.01
256 199.8 0
140 41.3 0.974
140 81.8 0.974
140 121 0.974
140 160.1 0.974
227 3.5 0.977
227 20.3 0.977
227 39.5 0.977
227 61.5 0.976
227 80 0.976
312 5.7 0.098
312 10.1 0.107
312 19.5 0.107
312 39.8 0.127
312 59.1 0.146
312 80.7 0.185
312 99.9 0.312
312 120 0.117
312 140.2 0.049
312 160.6 0.019
312 201 0
312 250.7 0
343 4.9 0.195
343 9.6 0.195
343 20.7 0.176
343 40.2 0.195
343 61 0.234
343 79 0.205
343 100.1 0.127
343 120.7 0.078
343 140.7 0.039
343 160 0.019
343 200.1 0
343 250.1 0
36 5 0.292
36 10 0.292
36 21.3 0.292
36 42 0.263
36 61.7 0.273
36 82.8 0.263
36 99.8 0.302
36 120.8 0.302
36 141.8 0.282
36 160.3 0.253
36 200.7 0.205
36 250.4 0.224
55 4.4 0.36
55 11.2 0.351
55 21.1 0.37
55 39.9 0.487
55 60.8 0.253
55 80.8 0.243
55 98.7 0.224
55 121 0.175
55 140.2 0.156
55 160.6 0.166
55 200.2 0.146
55 250.6 0.204
84 3.3 0.399
84 9.3 0.477
84 18.9 0.896
84 39.4 0.565
84 60.9 0.361
84 80.5 0.273
84 99.9 0.166
84 117.9 0.078
84 138.3 0.058
84 160.6 0.058
84 199.8 0.019
84 250.6 0.019
97 3.2 0.175
97 10.1 0.166
97 19.9 0.419
97 40.1 0.555
97 60.3 0.692
97 79.7 0.438
97 99.7 0.205
97 119.6 0.185
97 139.6 0.185
97 159.3 0.175
97 199.2 0.097
97 249.9 0.029
112 3.6 0.068
112 10.5 0.068
112 20.4 0.068
112 40.2 0.078
112 60.5 0.166
112 80 0.487
112 100.1 0.224
112 120.6 0.068
112 140 0.039
112 159.6 0.019
112 199.4 0
134 3.3 0.078
134 9.6 0.078
134 19.1 0.097
134 39.3 0.127
134 60.3 0.214
134 80.3 0.38
134 100.2 0.175
134 119.4 0.029
134 139.6 0.01
134 159.9 0.01
134 200.1 0
134 250.5 0
135 90.3 0.244
174 3.5 0.059
174 10.1 0.059
174 20.8 0.068
174 39.4 0.117
174 60.6 0.224
174 80.3 0.39
174 101.3 0.292
174 120.9 0.117
174 160.4 0.029
174 200.1 0
174 250.8 0
206 4.8 0.029
206 4.9 0.039
206 20.8 0.029
206 40.7 0.039
206 60.6 0.039
206 80.2 0.098
206 100.5 0.273
206 120.3 0.117
206 140.5 0.068
206 159.9 0.039
206 198.4 0.01
206 250.4 0
233 2.9 0.039
233 9.5 0.049
233 19.4 0.049
233 39.1 0.078
233 59.8 0.137
233 78.4 0.205
233 100.2 0.195
233 119.9 0.049
233 137.9 0.029
233 160.2 0.01
233 198.5 0
249 4.6 0.059
249 10.1 0.059
249 20.5 0.059
249 41.2 0.078
249 61.1 0.156
249 80.6 0.322
249 100.4 0.117
249 120.2 0.039
249 140.2 0.01
249 159.3 0
249 201.2 0
280 4.1 0.059
280 9.4 0.059
280 20.1 0.059
280 39.8 0.049
280 61 0.107
280 80.6 0.361
280 99.5 0.234
280 119.3 0.146
280 139.6 0.019
280 160.1 0
280 200.5 0.01
280 250.2 0
315 6.1 0.137
315 10 0.117
315 19.5 0.127
315 40 0.127
315 58.7 0.127
315 77.8 0.137
315 99.1 0.205
315 120.4 0.088
315 139.5 0.039
315 157.6 0.029
315 200.4 0
315 250.2 0
343 4.2 0.283
343 9.4 0.283
343 19.2 0.292
343 39.7 0.312
343 60.6 0.283
343 78.4 0.312
343 98.8 0.263
343 118.5 0.058
343 139.2 0.029
343 161.2 0.029
343 198.8 0
54 5.2 0.4
54 10.1 0.419
54 19.9 0.419
54 39.4 0.438
54 62.5 0.419
54 81.4 0.409
54 102 0.292
54 119.4 0.253
54 139.5 0.292
54 202.1 0.205
54 249.9 0.01
65 4.2 0.322
65 8.9 0.331
65 19.1 0.331
65 39.6 0.322
65 58.9 0.322
65 81.3 0.322
65 100.1 0.312
65 117.7 0.302
65 136.8 0.253
65 154.8 0.292
65 201.2 0.195
65 252.1 0.058
86 4.7 0.302
86 9.6 0.302
86 19.7 0.361
86 39.1 0.448
86 60 0.361
86 80.6 0.205
86 100.2 0.214
86 119.4 0.127
86 139.4 0.049
86 161.1 0.029
86 200.2 0.019
86 251.7 0.01
97 4.9 0.341
97 9.5 0.351
97 19.5 0.4
97 40.6 0.429
97 60.2 0.39
97 80.2 0.351
97 101.7 0.146
97 120.5 0.029
97 160.1 0.019
97 199.4 0.058
97 248.4 0.029
117 5.5 0.059
117 9.7 0.078
117 19.8 0.078
117 39.7 0.195
117 60.4 0.653
117 79.8 0.244
117 100 0.058
117 120.1 0.01
117 140 0.01
117 160.8 0.01
117 200.7 0.01
117 250.7 0.01
138 3.9 0.068
138 9.2 0.068
138 19.2 0.088
138 39.2 0.127
138 59.3 0.643
138 79 0.419
138 100.4 0.156
138 118.7 0.078
138 138.5 0.01
138 160.7 0.01
138 200.7 0.01
138 251.9 0
167 4.5 0.078
167 9.7 0.088
167 19.6 0.088
167 41 0.166
167 60.4 0.283
167 79.3 0.322
167 97.5 0.253
167 121.1 0.146
167 141.6 0.107
167 160.7 0.068
167 200.6 0.029
167 250.4 0
188 5.7 0.039
188 9.6 0.049
188 20 0.059
188 40.4 0.078
188 59.5 0.195
188 80.2 0.361
188 99.8 0.244
188 120.7 0.136
188 140.2 0.078
188 160.4 0.01
188 200.9 0.01
188 251.3 0
231 4.6 0.049
231 9.5 0.049
231 19.5 0.059
231 39.2 0.088
231 59.9 0.156
231 80.5 0.205
231 98.5 0.224
231 118.4 0.146
231 138.7 0.078
231 159.4 0.029
231 199.8 0
231 249.9 0
256 6.2 0.059
256 10.5 0.127
256 20.7 0.059
256 40.4 0.078
256 60.8 0.098
256 81 0.166
256 100.5 0.214
256 119.7 0.224
256 141.3 0.117
256 161.8 0.068
256 201.1 0.029
256 251 0
305 4.9 0.166
305 11.3 0.156
305 21.1 0.166
305 38.7 0.146
305 59.4 0.098
305 80.5 0.283
305 101.4 0.176
305 120.2 0.098
305 138.4 0.059
305 160.3 0.029
305 200.4 0
305 251.6 0
322 4.5 0.166
322 9.2 0.156
322 19.3 0.156
322 39.1 0.166
322 59.5 0.166
322 81.1 0.234
322 102.5 0.137
322 120.3 0.078
322 143 0.019
322 162.1 0.019
322 177 0.019
322 251.8 0.01
343 4.2 0.146
343 9.9 0.146
343 20 0.166
343 39.9 0.205
343 60.8 0.254
343 79 0.185
343 99.6 0.068
343 118.8 0.029
343 139.8 0.019
343 160.7 0.01
343 200.7 0
41 5.3 0.331
41 9.3 0.331
41 19.4 0.341
41 39.3 0.361
41 60 0.283
41 79.3 0.234
41 100.3 0.234
41 119.5 0.058
41 138.9 0.01
41 159.5 0.01
41 201.5 0
41 249.3 0
69 5.4 0.253
69 11.4 0.244
69 20.4 0.263
69 40.2 0.292
69 60.7 0.312
69 80.2 0.341
69 99.3 0.273
69 121.4 0.175
69 160.4 0.088
69 201.2 0.01
69 251.2 0
89 5.6 0.185
89 10.1 0.205
89 20.4 0.214
89 59.8 0.224
89 80.5 0.214
89 98.1 0.205
89 120.4 0.263
89 137.9 0.205
89 157.8 0.127
89 159.6 0.019
89 251.3 0
103 4.1 0.127
103 10.1 0.117
103 18.9 0.127
103 39.8 0.146
103 58.7 0.175
103 80.1 0.273
103 99.9 0.302
103 117.8 0.214
103 139.1 0.146
103 159.4 0.088
103 199.5 0.049
103 249.2 0
117 4.9 0.078
117 10.5 0.078
117 20.4 0.078
117 40.2 0.107
117 60.7 0.322
117 80.1 0.312
117 101.4 0.292
117 120.4 0.166
117 139.9 0.078
117 161 0.029
117 199.9 0.01
117 250.3 0
141 5.1 0.078
141 9.6 0.088
141 20.9 0.088
141 39.1 0.146
141 58.7 0.273
141 78.6 0.458
141 100.9 0.273
141 119.1 0.078
141 139.7 0.029
141 160 0.01
141 200.3 0
141 250.5 0
171 4.3 0.059
171 11.4 0.068
171 21 0.078
171 41.1 0.098
171 59.2 0.146
171 79.4 0.214
171 100.5 0.37
171 119.3 0.146
171 138.8 0.049
171 159.4 0.019
171 199.3 0.01
171 249.2 0
195 4.3 0.049
195 9.5 0.039
195 19.8 0.049
195 39.4 0.078
195 58.3 0.156
195 79.9 0.41
195 120.3 0.049
195 140.2 0.01
195 159.9 0.029
195 200.2 0.01
195 250.3 0
234 5 0.147
234 9.9 0.059
234 20.1 0.059
234 39.8 0.078
234 59.6 0.176
234 80.8 0.254
234 99.9 0.244
234 119.5 0.137
234 139.7 0.078
234 161.2 0.039
234 200.9 0.01
257 5.4 0.078
257 9.7 0.078
257 19.9 0.088
257 40.4 0.088
257 60.4 0.127
257 79.4 0.205
257 101 0.263
257 120.7 0.175
257 139.6 0.097
257 162.4 0.058
257 199 0.019
257 251.4 0
294 4.6 0.068
294 10.1 0.068
294 19.9 0.068
294 39.4 0.068
294 61.4 0.156
294 80.5 0.254
294 100 0.195
294 120.3 0.146
294 139.9 0.098
294 160.1 0.058
294 200.8 0.01
320 6 0.176
320 10.9 0.195
320 20.2 0.185
320 38.2 0.264
320 60.4 0.224
320 81.2 0.068
320 99.3 0.049
320 119 0.01
320 140.8 0.029
320 160.2 0.01
320 200.9 0
320 249.4 0
347 5.5 0.137
347 9.6 0.117
347 20.5 0.137
347 39.6 0.283
347 59.8 0.254
347 81.3 0.195
347 100.2 0.088
347 120.1 0.049
347 140 0.01
23 6.1 0.254
23 10.6 0.273
23 57.3 0.273
23 79.2 0.283
23 100.2 0.273
23 121 0.107
23 139.7 0.019
23 160 0.01
44 5.7 0.273
44 11 0.273
44 19.7 0.322
44 59.7 0.37
44 80.2 0.263
44 100.4 0.283
44 119.9 0.253
44 138.9 0.244
44 159.9 0.029
44 198.2 0.01
57 6.4 0.214
57 9.4 0.322
57 20.6 0.322
57 39.6 0.351
57 59.7 0.351
57 80.8 0.283
57 99.1 0.273
57 118.7 0.224
57 140.1 0.214
57 160.8 0.175
57 200.2 0.019
72 4.3 0.409
72 9.8 0.477
72 19.7 0.409
72 41 0.38
72 59.4 0.195
72 79.2 0.195
72 99.7 0.127
72 117.6 0.019
72 141.7 0
72 160.2 0
72 200.1 0
72 250.2 0
86 5.3 0.916
86 8.7 0.809
86 20.1 1.101
86 41.4 0.546
86 57.8 0.78
86 81.3 0.565
86 99.7 0.497
86 115.4 0.497
86 143 0.097
86 160.4 0.058
86 197.3 0.019
98 5.4 0.283
98 8.8 0.117
98 19.3 0.273
98 59.8 0.322
98 79.7 0.302
98 99 0.312
98 121.5 0.097
98 143.2 0.049
98 160.9 0.019
98 199 0.01
114 6.2 0.039
114 10.3 0.059
114 20.1 0.059
114 40 0.059
114 59.7 0.097
114 78.1 0.292
114 100.7 0.244
114 119 0.078
114 139.2 0.156
114 160.3 0.029
114 200.3 0.01
136 3.9 0.029
136 9.8 0.039
136 20.1 0.039
136 40.9 0.049
136 58.5 0.097
136 78.4 0.38
136 99.5 0.166
136 119.1 0.068
136 141.2 0.019
136 160.9 0.01
136 199.3 0
136 250.8 0
167 4.7 0.049
167 9.2 0.049
167 19.6 0.049
167 39.9 0.049
167 60.8 0.117
167 80.3 0.195
167 100 0.351
167 119 0.136
167 139.9 0.117
167 160 0.039
167 198.7 0
187 4.3 0.029
187 10.3 0.039
187 20.7 0.039
187 39.1 0.049
187 59.2 0.088
187 99.5 0.312
187 119.1 0.185
187 140 0.088
187 157.8 0.049
187 199.8 0.01
215 3.1 0.039
215 10.5 0.039
215 19 0.049
215 59.4 0.059
215 80.6 0.107
215 99.8 0.098
215 120.2 0.185
215 140.5 0.185
215 160.5 0.127
215 199 0.049
215 251.1 0.01
261 3.2 0.059
261 10.6 0.059
261 20.6 0.059
261 40.7 0.059
261 60.5 0.166
261 80 0.205
261 100.5 0.224
261 120.6 0.156
261 138.7 0.058
261 161.7 0.039
261 200.6 0.01
261 250.2 0
293 3.2 0.059
293 9.5 0.059
293 19.6 0.059
293 40 0.078
293 59.9 0.137
293 81.6 0.302
293 99.7 0.029
293 119.9 0.107
293 140.7 0.01
293 161.4 0
293 200.9 0
293 251.5 0
319 3.9 0.117
319 9.8 0.117
319 20.3 0.117
319 38.2 0.127
319 58.7 0.166
319 79.1 0.292
319 101.1 0.136
319 121.1 0.049
319 140.3 0.01
319 160.1 0
319 201.1 0
344 2.1 0.107
344 10.6 0.117
344 20.4 0.107
344 60 0.127
344 80.1 0.137
344 101 0.156
344 120.3 0.214
344 140.2 0.117
344 160.6 0.068
344 202.2 0.029
344 252.9 0
344 251.4 0
65 10 0.074
65 60 0.093
65 100 0.12
65 140 0.027
65 200 0.004
66 4.5 0.215
66 19.5 0.332
66 39.5 0.439
66 80.4 0.234
66 120.7 0.02
66 160.8 0.176
102 4.8 0.039
102 9.8 0.068
102 20.8 0.107
102 39 0.127
102 60.3 0.166
102 80 0.331
102 100.2 0.283
102 119.9 0.185
102 141 0.107
102 160.7 0.039
102 201 0.029
102 252.5 0.019
120 3.8 0.088
120 11.3 0.088
120 21.2 0.088
120 37.8 0.088
120 60.7 0.098
120 80 0.136
120 99.6 0.292
120 119.6 0.185
120 140 0.097
120 159.9 0.039
120 249.7 0.01
120 249.8 0.01
164 1.7 0.088
164 10.2 0.059
164 20.1 0.059
164 39.9 0.02
164 59.5 0.185
164 79.6 0.439
164 99 0.254
164 120.2 0.127
164 139.7 0.029
164 160.7 0.01
192 3.9 0.098
192 10 0.059
192 20.8 0.049
192 40.6 0.059
192 59.5 0.107
192 79.8 0.234
192 99.9 0.419
192 120.2 0.146
192 141.1 0.068
192 200.8 0.019
192 251 0
234 3 0.068
234 9.4 0.049
234 19.1 0.068
234 39.1 0.059
234 59.2 0.098
234 79.2 0.185
234 99.5 0.293
234 119.5 0.263
234 140.7 0.195
234 160.4 0.137
234 200.3 0.019
234 251.8 0
257 3.7 0.039
257 10 0.039
257 19.3 0.039
257 39.9 0.068
257 60.1 0.088
257 79 0.146
257 99.5 0.215
257 120 0.263
257 141 0.137
257 159.9 0.049
257 200 0.01
257 251.7 0
302 3.8 0.098
302 9.9 0.098
302 19.3 0.088
302 58.7 0.176
302 78.6 0.254
302 108.8 0.137
302 119.8 0.097
302 140.8 0.058
302 158.3 0.029
302 199.3 0.01
302 249.2 0
325 10.2 0.156
325 39.8 0.156
325 61 0.156
325 100.8 0.293
325 120.6 0.195
325 141.4 0.136
325 160.6 0.097
325 200.4 0.039
325 252.4 0
345 4.3 0.137
345 9.8 0.137
345 18.8 0.137
345 39.6 0.146
345 57.5 0.146
345 80.4 0.176
345 100.4 0.263
345 117.3 0.166
345 140.5 0.088
345 159.3 0.049
345 198.3 0.029
345 249.7 0.01
35 3.9 0.263
35 9.6 0.263
35 19.1 0.283
35 40 0.263
35 59.3 0.244
35 79.4 0.253
35 119.6 0.244
35 141.1 0.117
35 159.3 0.068
35 199.7 0.039
35 251.2 0.01
51 4.7 0.37
51 9.8 0.331
51 19 0.312
51 41.5 0.361
51 60 0.409
51 80.4 0.351
51 100.5 0.302
51 120.4 0.185
51 139.5 0.166
51 160.8 0.175
51 198.2 0.136
51 251.5 0.01
72 5.6 0.263
72 9.9 0.234
72 19.9 0.234
72 40.8 0.273
72 59.4 0.253
72 84.5 0.273
72 101 0.283
72 120.3 0.195
72 139.1 0.224
72 161.5 0.068
72 203.5 0.01
99 2.7 0.068
99 10.2 0.059
99 20.2 0.059
99 40.1 0.098
99 60.2 0.136
99 80.5 0.331
99 101 0.263
99 120.7 0.127
99 140.4 0.029
99 159.4 0.029
99 201.1 0
99 251.4 0
114 5.7 0.039
114 10.9 0.049
114 20.6 0.049
114 40.5 0.059
114 61.5 0.088
114 80 0.078
114 100.3 0.195
114 119.8 0.312
114 140 0.292
114 158.4 0.166
114 201.3 0.029
114 251.2 0
133 5.3 0.059
133 10.5 0.059
133 19.8 0.059
133 40.1 0.068
133 60 0.107
133 80 0.302
133 100.1 0.312
133 119.9 0.107
133 140.3 0.058
133 159.8 0.019
133 199.6 0
147 5.2 0.078
147 10.4 0.088
147 19.7 0.098
147 42.4 0.468
147 61.2 0.741
147 80.7 0.39
147 100.2 0.253
147 119.7 0.107
147 139.4 0.097
147 162.1 0.029
147 201.6 0.01
147 252.4 0
175 3.3 0.02
175 10.2 0.02
175 20.3 0.029
175 40.3 0.039
175 60.4 0.068
175 80.8 0.137
175 98.9 0.293
175 119.8 0.166
175 139.7 0.078
175 160.3 0.01
175 200.2 0
198 5 0.039
198 9.3 0.029
198 20.8 0.039
198 40.2 0.039
198 62.4 0.088
198 80 0.166
198 100.7 0.185
198 120.6 0.137
198 140.6 0.068
198 159.4 0.029
198 201.1 0
232 3.3 0.049
232 11.1 0.049
232 20.2 0.049
232 39.7 0.098
232 60.9 0.146
232 80.2 0.273
232 100.4 0.185
232 120 0.107
232 140.5 0.068
232 161.8 0.039
232 200.9 0.019
256 4.4 0.029
256 10.8 0.029
256 21.1 0.039
256 41.1 0.068
256 60.6 0.088
256 81 0.107
256 100.4 0.156
256 121.1 0.01
256 141.1 0.039
256 160.9 0
316 3.2 0.039
316 21.1 0.039
316 39.5 0.059
316 80 0.205
316 98.3 0.078
316 119.5 0.029
316 148.7 0.01
333 5.3 0.068
333 10.9 0.068
333 20.8 0.068
333 40.9 0.107
333 60.8 0.127
333 81.9 0.088
333 100 0.049
333 120.7 0.029
333 139.3 0.01
333 160.9 0.01
347 3.5 0.059
347 9.9 0.059
347 19.6 0.068
347 40.5 0.068
347 60.5 0.078
347 78.6 0.059
347 101.7 0.127
347 118 0.068
347 144.1 0.029
347 164.7 0.01
347 197.4 0.01
347 250.2 0
69 5.9 0.107
69 10.1 0.107
69 20.7 0.107
69 39.4 0.136
69 60.7 0.166
69 80.9 0.185
69 103 0.214
69 119.9 0.185
69 143.2 0.078
69 159.8 0.029
69 201.9 0
84 4.3 0.098
84 10 0.097
84 19.6 0.097
84 40.1 0.156
84 60 0.146
84 80 0.292
84 100.3 0.156
84 118.1 0.107
84 139.6 0.068
84 162.8 0.058
84 198.8 0.019
84 250.9 0
95 6 0.078
95 11.2 0.01
95 20.2 0.039
95 41 0.088
95 57.9 0.117
95 79.5 0.156
95 99.6 0.176
95 118.1 0.146
95 139.5 0.097
95 161.6 0.078
95 204.1 0.078
95 248.4 0.039
107 5.1 0.059
107 9.4 0.059
107 20.7 0.049
107 39.2 0.058
107 58.4 0.068
107 80.6 0.127
107 98.4 0.156
107 119.8 0.361
107 138.7 0.37
107 159.7 0.166
107 199.2 0.019
107 254.3 0
126 5.1 0.078
126 9.8 0.078
126 20.3 0.059
126 39.7 0.088
126 59.8 0.127
126 79.2 0.195
126 99.2 0.39
126 121.3 0.332
126 140 0.224
126 158.6 0.049
126 199.8 0.01
126 251 0.078
167 3.6 0.02
167 10.5 0.029
167 19 0.02
167 40.2 0.029
167 60.6 0.039
167 79.4 0.059
167 99 0.098
167 119.9 0.176
167 140.7 0.215
167 159.8 0.068
167 201.1 0.01
205 3.6 0.039
205 10.1 0.02
205 20.2 0.039
205 40 0.049
205 60.4 0.078
205 79.5 0.107
205 99.6 0.185
205 119.9 0.293
205 140.2 0.273
205 160 0.117
205 201.2 0.039
205 250.7 0
232 4.2 0.029
232 10 0.029
232 19.6 0.029
232 39.9 0.059
232 60 0.078
232 79.7 0.127
232 100.8 0.283
232 120.8 0.254
232 141.2 0.098
232 160.7 0.039
232 201.5 0.01
232 253.1 0
234 90.6 0.927
265 4.7 0.039
265 8.7 0.039
265 19.9 0.039
265 39.9 0.049
265 59.9 0.078
265 79.2 0.117
265 100.1 0.176
265 120.4 0.234
265 140.5 0.322
265 162.2 0.088
265 199.7 0.01
265 252.9 0
293 4.2 0.068
293 8.8 0.068
293 20.3 0.078
293 40 0.078
293 63.4 0.107
293 78.8 0.205
293 99.1 0.507
293 119.7 0.146
293 142.8 0.137
293 158.6 0.068
293 201.2 0.01
293 248.2 0
325 4.6 0.098
325 9.5 0.098
325 20.2 0.098
325 40.3 0.098
325 59.3 0.127
325 80.6 0.127
325 101.2 0.302
325 120.3 0.156
325 140.8 0.078
325 159.5 0.039
325 200.9 0.01
325 251 0
349 4.5 0.107
349 9.9 0.127
349 20.2 0.117
349 39.9 0.137
349 59.4 0.146
349 80.6 0.127
349 100.4 0.146
349 120.3 0.166
349 141.1 0.088
349 160.4 0.019
349 201.9 0
